PhraseId,Sentiment
156061,1
156062,1
156063,0
156064,1
156065,1
156066,1
156067,1
156068,0
156069,0
156070,0
156071,0
156072,0
156073,0
156074,0
156075,0
156076,1
156077,1
156078,1
156079,1
156080,0
156081,0
156082,0
156083,1
156084,0
156085,0
156086,0
156087,0
156088,0
156089,1
156090,0
156091,1
156092,1
156093,1
156094,0
156095,0
156096,0
156097,1
156098,0
156099,0
156100,0
156101,0
156102,0
156103,0
156104,0
156105,0
156106,0
156107,0
156108,0
156109,0
156110,0
156111,0
156112,0
156113,0
156114,0
156115,0
156116,0
156117,0
156118,0
156119,0
156120,0
156121,1
156122,1
156123,0
156124,0
156125,0
156126,0
156127,1
156128,1
156129,0
156130,1
156131,0
156132,1
156133,1
156134,0
156135,1
156136,0
156137,0
156138,0
156139,0
156140,0
156141,0
156142,0
156143,0
156144,0
156145,0
156146,0
156147,0
156148,0
156149,0
156150,0
156151,0
156152,0
156153,0
156154,1
156155,1
156156,1
156157,0
156158,0
156159,0
156160,0
156161,0
156162,0
156163,0
156164,0
156165,0
156166,0
156167,0
156168,0
156169,0
156170,0
156171,0
156172,0
156173,0
156174,0
156175,0
156176,0
156177,0
156178,1
156179,0
156180,0
156181,0
156182,0
156183,1
156184,0
156185,1
156186,0
156187,0
156188,0
156189,0
156190,0
156191,0
156192,0
156193,0
156194,0
156195,0
156196,0
156197,0
156198,0
156199,0
156200,0
156201,1
156202,0
156203,0
156204,0
156205,1
156206,0
156207,0
156208,0
156209,0
156210,0
156211,0
156212,0
156213,0
156214,0
156215,0
156216,0
156217,0
156218,0
156219,2
156220,0
156221,2
156222,2
156223,0
156224,0
156225,0
156226,0
156227,0
156228,0
156229,0
156230,0
156231,0
156232,0
156233,1
156234,0
156235,1
156236,0
156237,0
156238,0
156239,0
156240,0
156241,0
156242,0
156243,0
156244,0
156245,0
156246,0
156247,0
156248,0
156249,0
156250,0
156251,0
156252,0
156253,0
156254,0
156255,0
156256,0
156257,0
156258,0
156259,0
156260,0
156261,0
156262,0
156263,0
156264,0
156265,0
156266,0
156267,0
156268,0
156269,0
156270,0
156271,0
156272,1
156273,0
156274,1
156275,1
156276,0
156277,0
156278,0
156279,0
156280,0
156281,0
156282,0
156283,0
156284,0
156285,0
156286,0
156287,0
156288,0
156289,0
156290,0
156291,0
156292,0
156293,0
156294,0
156295,0
156296,0
156297,0
156298,1
156299,0
156300,1
156301,1
156302,0
156303,0
156304,1
156305,1
156306,0
156307,1
156308,0
156309,1
156310,0
156311,1
156312,0
156313,0
156314,1
156315,0
156316,0
156317,0
156318,0
156319,0
156320,0
156321,0
156322,0
156323,0
156324,1
156325,0
156326,0
156327,0
156328,0
156329,2
156330,0
156331,0
156332,0
156333,0
156334,0
156335,0
156336,0
156337,0
156338,0
156339,0
156340,0
156341,0
156342,0
156343,0
156344,0
156345,0
156346,0
156347,0
156348,0
156349,0
156350,0
156351,0
156352,0
156353,0
156354,0
156355,0
156356,3
156357,3
156358,1
156359,1
156360,0
156361,0
156362,1
156363,0
156364,1
156365,1
156366,0
156367,1
156368,1
156369,0
156370,0
156371,2
156372,2
156373,0
156374,0
156375,0
156376,0
156377,0
156378,0
156379,0
156380,1
156381,1
156382,0
156383,0
156384,1
156385,1
156386,1
156387,1
156388,1
156389,0
156390,0
156391,0
156392,0
156393,0
156394,0
156395,0
156396,1
156397,0
156398,0
156399,0
156400,1
156401,0
156402,0
156403,1
156404,1
156405,1
156406,1
156407,1
156408,1
156409,0
156410,1
156411,1
156412,0
156413,2
156414,0
156415,0
156416,0
156417,0
156418,0
156419,0
156420,1
156421,0
156422,0
156423,0
156424,0
156425,0
156426,0
156427,0
156428,0
156429,0
156430,0
156431,2
156432,2
156433,2
156434,0
156435,0
156436,0
156437,0
156438,1
156439,1
156440,0
156441,1
156442,0
156443,0
156444,0
156445,0
156446,0
156447,0
156448,0
156449,0
156450,0
156451,0
156452,0
156453,0
156454,0
156455,0
156456,0
156457,0
156458,0
156459,0
156460,0
156461,0
156462,0
156463,0
156464,0
156465,0
156466,0
156467,0
156468,0
156469,0
156470,0
156471,0
156472,0
156473,0
156474,0
156475,0
156476,0
156477,0
156478,0
156479,0
156480,0
156481,0
156482,0
156483,0
156484,0
156485,0
156486,0
156487,2
156488,0
156489,0
156490,0
156491,0
156492,0
156493,0
156494,0
156495,0
156496,0
156497,0
156498,0
156499,0
156500,0
156501,0
156502,0
156503,0
156504,0
156505,0
156506,0
156507,0
156508,0
156509,0
156510,0
156511,0
156512,0
156513,0
156514,0
156515,0
156516,0
156517,0
156518,0
156519,0
156520,0
156521,0
156522,0
156523,0
156524,0
156525,0
156526,0
156527,0
156528,0
156529,0
156530,0
156531,0
156532,0
156533,0
156534,0
156535,0
156536,0
156537,0
156538,0
156539,0
156540,0
156541,0
156542,0
156543,0
156544,0
156545,0
156546,0
156547,0
156548,0
156549,0
156550,0
156551,0
156552,0
156553,0
156554,0
156555,0
156556,0
156557,0
156558,0
156559,0
156560,0
156561,0
156562,0
156563,0
156564,0
156565,0
156566,0
156567,1
156568,1
156569,1
156570,1
156571,0
156572,0
156573,0
156574,0
156575,0
156576,1
156577,0
156578,0
156579,0
156580,0
156581,0
156582,0
156583,0
156584,0
156585,0
156586,0
156587,0
156588,0
156589,0
156590,0
156591,0
156592,0
156593,0
156594,0
156595,0
156596,0
156597,0
156598,0
156599,0
156600,0
156601,0
156602,0
156603,0
156604,0
156605,0
156606,0
156607,0
156608,0
156609,0
156610,0
156611,0
156612,0
156613,0
156614,0
156615,0
156616,0
156617,0
156618,0
156619,0
156620,0
156621,0
156622,0
156623,0
156624,0
156625,0
156626,0
156627,0
156628,0
156629,2
156630,1
156631,1
156632,0
156633,0
156634,0
156635,0
156636,0
156637,0
156638,0
156639,1
156640,2
156641,0
156642,0
156643,0
156644,0
156645,0
156646,0
156647,1
156648,1
156649,0
156650,1
156651,1
156652,1
156653,0
156654,1
156655,0
156656,1
156657,0
156658,0
156659,0
156660,0
156661,0
156662,0
156663,0
156664,0
156665,0
156666,1
156667,1
156668,1
156669,1
156670,1
156671,0
156672,0
156673,1
156674,0
156675,0
156676,0
156677,0
156678,0
156679,0
156680,0
156681,0
156682,0
156683,1
156684,1
156685,1
156686,1
156687,1
156688,0
156689,0
156690,0
156691,0
156692,0
156693,0
156694,0
156695,0
156696,1
156697,0
156698,0
156699,0
156700,0
156701,0
156702,0
156703,0
156704,0
156705,0
156706,0
156707,0
156708,0
156709,0
156710,0
156711,0
156712,0
156713,0
156714,0
156715,0
156716,0
156717,0
156718,0
156719,0
156720,0
156721,0
156722,0
156723,1
156724,0
156725,0
156726,0
156727,0
156728,0
156729,1
156730,1
156731,0
156732,0
156733,0
156734,0
156735,0
156736,0
156737,0
156738,0
156739,0
156740,0
156741,0
156742,0
156743,0
156744,0
156745,0
156746,0
156747,0
156748,0
156749,0
156750,0
156751,0
156752,0
156753,1
156754,0
156755,0
156756,0
156757,0
156758,0
156759,0
156760,0
156761,0
156762,0
156763,0
156764,0
156765,0
156766,0
156767,0
156768,0
156769,0
156770,0
156771,0
156772,0
156773,0
156774,0
156775,0
156776,0
156777,0
156778,4
156779,0
156780,4
156781,4
156782,4
156783,4
156784,0
156785,4
156786,0
156787,0
156788,4
156789,1
156790,1
156791,0
156792,1
156793,4
156794,0
156795,2
156796,0
156797,2
156798,0
156799,0
156800,0
156801,0
156802,0
156803,0
156804,0
156805,0
156806,0
156807,0
156808,0
156809,0
156810,0
156811,0
156812,1
156813,0
156814,0
156815,0
156816,0
156817,0
156818,0
156819,0
156820,0
156821,0
156822,0
156823,0
156824,0
156825,0
156826,1
156827,0
156828,0
156829,0
156830,1
156831,1
156832,1
156833,1
156834,1
156835,0
156836,0
156837,0
156838,0
156839,0
156840,0
156841,0
156842,0
156843,0
156844,1
156845,1
156846,1
156847,1
156848,1
156849,1
156850,0
156851,0
156852,0
156853,0
156854,0
156855,0
156856,0
156857,0
156858,2
156859,1
156860,0
156861,0
156862,0
156863,0
156864,1
156865,1
156866,1
156867,0
156868,1
156869,2
156870,1
156871,1
156872,0
156873,0
156874,0
156875,0
156876,0
156877,1
156878,0
156879,0
156880,1
156881,1
156882,1
156883,1
156884,0
156885,0
156886,0
156887,0
156888,0
156889,2
156890,2
156891,2
156892,0
156893,0
156894,0
156895,0
156896,0
156897,0
156898,0
156899,0
156900,1
156901,1
156902,0
156903,0
156904,1
156905,1
156906,1
156907,0
156908,1
156909,1
156910,1
156911,0
156912,0
156913,0
156914,0
156915,1
156916,1
156917,0
156918,1
156919,0
156920,0
156921,0
156922,0
156923,0
156924,0
156925,0
156926,0
156927,0
156928,1
156929,1
156930,1
156931,0
156932,0
156933,0
156934,0
156935,0
156936,0
156937,0
156938,0
156939,0
156940,1
156941,1
156942,1
156943,1
156944,0
156945,0
156946,1
156947,0
156948,1
156949,1
156950,1
156951,1
156952,0
156953,1
156954,0
156955,1
156956,0
156957,1
156958,1
156959,0
156960,0
156961,0
156962,0
156963,0
156964,0
156965,0
156966,0
156967,0
156968,0
156969,0
156970,0
156971,0
156972,0
156973,0
156974,0
156975,0
156976,0
156977,0
156978,0
156979,0
156980,0
156981,1
156982,1
156983,0
156984,2
156985,2
156986,0
156987,2
156988,2
156989,0
156990,0
156991,0
156992,0
156993,1
156994,0
156995,0
156996,0
156997,0
156998,0
156999,0
157000,0
157001,0
157002,0
157003,0
157004,0
157005,0
157006,0
157007,0
157008,0
157009,0
157010,0
157011,1
157012,0
157013,0
157014,0
157015,0
157016,1
157017,1
157018,0
157019,0
157020,0
157021,0
157022,1
157023,0
157024,0
157025,0
157026,0
157027,0
157028,0
157029,0
157030,0
157031,0
157032,0
157033,0
157034,0
157035,0
157036,0
157037,0
157038,0
157039,0
157040,0
157041,0
157042,0
157043,0
157044,0
157045,0
157046,0
157047,0
157048,0
157049,0
157050,0
157051,0
157052,0
157053,0
157054,0
157055,0
157056,0
157057,0
157058,0
157059,0
157060,0
157061,0
157062,0
157063,0
157064,0
157065,0
157066,0
157067,0
157068,0
157069,0
157070,0
157071,0
157072,0
157073,0
157074,1
157075,1
157076,1
157077,0
157078,0
157079,0
157080,0
157081,0
157082,0
157083,0
157084,0
157085,0
157086,0
157087,0
157088,0
157089,0
157090,0
157091,0
157092,0
157093,0
157094,0
157095,0
157096,4
157097,4
157098,0
157099,0
157100,0
157101,0
157102,0
157103,0
157104,4
157105,2
157106,2
157107,2
157108,2
157109,0
157110,0
157111,0
157112,0
157113,0
157114,0
157115,0
157116,0
157117,0
157118,0
157119,0
157120,0
157121,0
157122,0
157123,0
157124,0
157125,1
157126,0
157127,0
157128,0
157129,0
157130,1
157131,1
157132,1
157133,0
157134,0
157135,0
157136,0
157137,0
157138,0
157139,1
157140,1
157141,0
157142,0
157143,0
157144,1
157145,0
157146,0
157147,0
157148,0
157149,0
157150,0
157151,1
157152,1
157153,0
157154,1
157155,1
157156,0
157157,0
157158,0
157159,0
157160,0
157161,0
157162,0
157163,0
157164,0
157165,2
157166,0
157167,0
157168,0
157169,0
157170,0
157171,0
157172,0
157173,0
157174,0
157175,0
157176,0
157177,0
157178,2
157179,2
157180,2
157181,2
157182,0
157183,0
157184,0
157185,0
157186,0
157187,0
157188,0
157189,0
157190,0
157191,0
157192,0
157193,0
157194,1
157195,0
157196,0
157197,0
157198,0
157199,0
157200,0
157201,0
157202,0
157203,2
157204,2
157205,2
157206,4
157207,0
157208,0
157209,0
157210,0
157211,0
157212,0
157213,0
157214,0
157215,0
157216,0
157217,1
157218,0
157219,0
157220,0
157221,0
157222,0
157223,0
157224,0
157225,0
157226,0
157227,0
157228,0
157229,0
157230,0
157231,0
157232,0
157233,0
157234,1
157235,0
157236,1
157237,1
157238,1
157239,1
157240,3
157241,0
157242,0
157243,0
157244,0
157245,0
157246,0
157247,0
157248,0
157249,0
157250,0
157251,0
157252,0
157253,0
157254,0
157255,0
157256,0
157257,2
157258,0
157259,0
157260,0
157261,0
157262,0
157263,0
157264,2
157265,2
157266,0
157267,0
157268,2
157269,0
157270,0
157271,0
157272,0
157273,0
157274,0
157275,0
157276,0
157277,0
157278,0
157279,0
157280,0
157281,0
157282,0
157283,0
157284,0
157285,0
157286,0
157287,0
157288,0
157289,0
157290,1
157291,0
157292,0
157293,0
157294,0
157295,0
157296,0
157297,1
157298,1
157299,1
157300,0
157301,1
157302,1
157303,1
157304,1
157305,1
157306,0
157307,0
157308,1
157309,0
157310,0
157311,0
157312,0
157313,0
157314,0
157315,0
157316,0
157317,0
157318,0
157319,0
157320,0
157321,0
157322,0
157323,0
157324,0
157325,0
157326,0
157327,1
157328,1
157329,0
157330,1
157331,1
157332,0
157333,0
157334,0
157335,0
157336,0
157337,0
157338,0
157339,0
157340,0
157341,0
157342,0
157343,0
157344,0
157345,0
157346,0
157347,0
157348,0
157349,0
157350,0
157351,0
157352,0
157353,0
157354,0
157355,0
157356,0
157357,0
157358,0
157359,0
157360,0
157361,0
157362,0
157363,0
157364,0
157365,0
157366,0
157367,0
157368,0
157369,0
157370,0
157371,0
157372,0
157373,0
157374,0
157375,0
157376,0
157377,0
157378,0
157379,0
157380,0
157381,0
157382,3
157383,1
157384,1
157385,1
157386,1
157387,0
157388,0
157389,0
157390,0
157391,0
157392,0
157393,0
157394,1
157395,0
157396,1
157397,1
157398,1
157399,0
157400,0
157401,0
157402,0
157403,1
157404,1
157405,0
157406,0
157407,0
157408,0
157409,0
157410,0
157411,0
157412,0
157413,0
157414,0
157415,3
157416,1
157417,1
157418,1
157419,1
157420,1
157421,0
157422,0
157423,0
157424,0
157425,0
157426,0
157427,0
157428,0
157429,0
157430,0
157431,0
157432,1
157433,1
157434,1
157435,0
157436,0
157437,0
157438,0
157439,0
157440,0
157441,0
157442,0
157443,0
157444,0
157445,0
157446,1
157447,0
157448,0
157449,0
157450,0
157451,0
157452,0
157453,0
157454,0
157455,1
157456,1
157457,1
157458,0
157459,0
157460,0
157461,0
157462,0
157463,0
157464,0
157465,0
157466,0
157467,0
157468,0
157469,0
157470,4
157471,2
157472,1
157473,1
157474,1
157475,3
157476,3
157477,1
157478,1
157479,1
157480,1
157481,0
157482,0
157483,0
157484,0
157485,0
157486,0
157487,0
157488,0
157489,0
157490,0
157491,0
157492,0
157493,0
157494,0
157495,0
157496,0
157497,0
157498,0
157499,0
157500,0
157501,0
157502,0
157503,0
157504,0
157505,0
157506,0
157507,0
157508,0
157509,2
157510,0
157511,0
157512,0
157513,0
157514,2
157515,0
157516,2
157517,2
157518,0
157519,0
157520,0
157521,0
157522,0
157523,0
157524,0
157525,0
157526,0
157527,2
157528,0
157529,0
157530,1
157531,1
157532,1
157533,0
157534,0
157535,0
157536,2
157537,2
157538,0
157539,0
157540,1
157541,0
157542,1
157543,0
157544,0
157545,0
157546,0
157547,0
157548,2
157549,0
157550,0
157551,0
157552,0
157553,0
157554,0
157555,0
157556,2
157557,2
157558,2
157559,2
157560,2
157561,0
157562,0
157563,0
157564,0
157565,0
157566,0
157567,0
157568,0
157569,0
157570,0
157571,0
157572,0
157573,0
157574,0
157575,0
157576,0
157577,0
157578,0
157579,0
157580,0
157581,0
157582,0
157583,0
157584,0
157585,0
157586,2
157587,2
157588,2
157589,0
157590,0
157591,2
157592,0
157593,0
157594,0
157595,0
157596,0
157597,0
157598,0
157599,0
157600,0
157601,0
157602,0
157603,0
157604,0
157605,0
157606,0
157607,0
157608,0
157609,0
157610,0
157611,0
157612,0
157613,0
157614,0
157615,0
157616,0
157617,0
157618,0
157619,0
157620,0
157621,0
157622,0
157623,0
157624,1
157625,0
157626,0
157627,0
157628,0
157629,0
157630,0
157631,1
157632,0
157633,0
157634,1
157635,1
157636,1
157637,0
157638,1
157639,1
157640,1
157641,1
157642,1
157643,0
157644,1
157645,1
157646,1
157647,1
157648,1
157649,0
157650,0
157651,0
157652,0
157653,1
157654,1
157655,0
157656,0
157657,0
157658,0
157659,0
157660,0
157661,0
157662,0
157663,1
157664,1
157665,1
157666,1
157667,0
157668,1
157669,0
157670,0
157671,1
157672,0
157673,0
157674,0
157675,3
157676,1
157677,1
157678,0
157679,0
157680,0
157681,3
157682,1
157683,1
157684,1
157685,1
157686,1
157687,1
157688,0
157689,2
157690,0
157691,0
157692,0
157693,0
157694,0
157695,1
157696,0
157697,0
157698,1
157699,1
157700,0
157701,0
157702,0
157703,0
157704,0
157705,0
157706,1
157707,1
157708,0
157709,0
157710,1
157711,1
157712,1
157713,1
157714,1
157715,1
157716,0
157717,0
157718,0
157719,0
157720,0
157721,0
157722,0
157723,0
157724,0
157725,0
157726,0
157727,0
157728,0
157729,0
157730,2
157731,0
157732,0
157733,0
157734,0
157735,0
157736,0
157737,0
157738,0
157739,0
157740,0
157741,0
157742,1
157743,1
157744,1
157745,0
157746,1
157747,0
157748,0
157749,0
157750,0
157751,0
157752,0
157753,0
157754,0
157755,0
157756,1
157757,1
157758,1
157759,1
157760,0
157761,0
157762,0
157763,0
157764,0
157765,0
157766,0
157767,0
157768,0
157769,0
157770,0
157771,0
157772,0
157773,0
157774,0
157775,0
157776,0
157777,0
157778,0
157779,0
157780,0
157781,0
157782,0
157783,0
157784,0
157785,0
157786,0
157787,0
157788,0
157789,0
157790,0
157791,0
157792,0
157793,0
157794,0
157795,1
157796,1
157797,0
157798,0
157799,1
157800,1
157801,1
157802,0
157803,0
157804,0
157805,0
157806,1
157807,1
157808,0
157809,0
157810,0
157811,0
157812,0
157813,0
157814,0
157815,0
157816,0
157817,0
157818,0
157819,0
157820,0
157821,0
157822,0
157823,0
157824,0
157825,0
157826,0
157827,1
157828,1
157829,1
157830,1
157831,1
157832,0
157833,0
157834,0
157835,0
157836,0
157837,0
157838,0
157839,0
157840,0
157841,2
157842,2
157843,0
157844,0
157845,0
157846,0
157847,0
157848,0
157849,1
157850,1
157851,1
157852,1
157853,0
157854,0
157855,0
157856,0
157857,0
157858,0
157859,0
157860,0
157861,0
157862,0
157863,0
157864,0
157865,0
157866,0
157867,0
157868,0
157869,0
157870,0
157871,0
157872,0
157873,0
157874,0
157875,0
157876,0
157877,0
157878,0
157879,1
157880,0
157881,1
157882,1
157883,0
157884,1
157885,1
157886,0
157887,0
157888,0
157889,0
157890,1
157891,0
157892,0
157893,1
157894,1
157895,0
157896,0
157897,0
157898,0
157899,0
157900,0
157901,0
157902,0
157903,0
157904,0
157905,0
157906,0
157907,0
157908,0
157909,0
157910,0
157911,0
157912,0
157913,1
157914,0
157915,0
157916,0
157917,2
157918,2
157919,0
157920,0
157921,0
157922,0
157923,0
157924,0
157925,0
157926,0
157927,2
157928,2
157929,0
157930,0
157931,0
157932,0
157933,0
157934,0
157935,4
157936,1
157937,0
157938,0
157939,0
157940,0
157941,0
157942,0
157943,0
157944,0
157945,0
157946,0
157947,0
157948,0
157949,0
157950,0
157951,0
157952,0
157953,0
157954,0
157955,0
157956,0
157957,0
157958,0
157959,0
157960,0
157961,0
157962,0
157963,0
157964,0
157965,0
157966,0
157967,0
157968,0
157969,0
157970,0
157971,0
157972,0
157973,0
157974,1
157975,3
157976,3
157977,3
157978,1
157979,1
157980,1
157981,0
157982,1
157983,0
157984,0
157985,0
157986,0
157987,0
157988,0
157989,0
157990,0
157991,0
157992,0
157993,0
157994,0
157995,0
157996,0
157997,0
157998,0
157999,0
158000,0
158001,0
158002,0
158003,0
158004,0
158005,0
158006,1
158007,1
158008,1
158009,0
158010,0
158011,0
158012,0
158013,0
158014,0
158015,0
158016,2
158017,1
158018,0
158019,0
158020,0
158021,0
158022,0
158023,0
158024,0
158025,0
158026,0
158027,0
158028,0
158029,0
158030,0
158031,1
158032,0
158033,0
158034,0
158035,0
158036,0
158037,0
158038,1
158039,1
158040,0
158041,0
158042,0
158043,0
158044,0
158045,0
158046,0
158047,0
158048,0
158049,0
158050,0
158051,0
158052,0
158053,0
158054,0
158055,0
158056,0
158057,0
158058,0
158059,0
158060,2
158061,0
158062,0
158063,0
158064,0
158065,0
158066,0
158067,0
158068,0
158069,0
158070,0
158071,0
158072,0
158073,0
158074,0
158075,0
158076,0
158077,0
158078,0
158079,0
158080,0
158081,0
158082,0
158083,0
158084,0
158085,0
158086,0
158087,0
158088,0
158089,0
158090,0
158091,0
158092,0
158093,0
158094,2
158095,2
158096,0
158097,0
158098,0
158099,0
158100,0
158101,0
158102,1
158103,1
158104,0
158105,1
158106,2
158107,0
158108,0
158109,0
158110,0
158111,0
158112,0
158113,0
158114,0
158115,0
158116,0
158117,0
158118,0
158119,0
158120,0
158121,0
158122,0
158123,0
158124,1
158125,0
158126,1
158127,0
158128,0
158129,2
158130,2
158131,2
158132,2
158133,0
158134,0
158135,0
158136,0
158137,0
158138,0
158139,0
158140,0
158141,0
158142,2
158143,0
158144,0
158145,2
158146,2
158147,0
158148,0
158149,0
158150,0
158151,0
158152,0
158153,0
158154,0
158155,0
158156,0
158157,0
158158,0
158159,0
158160,0
158161,0
158162,0
158163,0
158164,2
158165,0
158166,0
158167,0
158168,0
158169,0
158170,0
158171,0
158172,0
158173,0
158174,0
158175,0
158176,0
158177,0
158178,0
158179,0
158180,0
158181,0
158182,0
158183,0
158184,0
158185,0
158186,0
158187,0
158188,0
158189,0
158190,0
158191,0
158192,0
158193,2
158194,0
158195,1
158196,1
158197,1
158198,0
158199,1
158200,0
158201,0
158202,0
158203,0
158204,1
158205,0
158206,0
158207,0
158208,0
158209,0
158210,0
158211,0
158212,0
158213,0
158214,0
158215,0
158216,0
158217,0
158218,0
158219,0
158220,4
158221,0
158222,4
158223,2
158224,2
158225,0
158226,0
158227,0
158228,0
158229,0
158230,0
158231,0
158232,0
158233,0
158234,0
158235,0
158236,0
158237,0
158238,0
158239,1
158240,1
158241,0
158242,0
158243,1
158244,0
158245,0
158246,0
158247,0
158248,1
158249,0
158250,1
158251,0
158252,0
158253,0
158254,0
158255,0
158256,0
158257,0
158258,0
158259,0
158260,0
158261,0
158262,0
158263,0
158264,0
158265,0
158266,0
158267,0
158268,0
158269,0
158270,0
158271,0
158272,0
158273,0
158274,0
158275,0
158276,0
158277,0
158278,0
158279,0
158280,2
158281,2
158282,2
158283,0
158284,0
158285,0
158286,0
158287,0
158288,0
158289,0
158290,0
158291,0
158292,0
158293,0
158294,0
158295,0
158296,0
158297,0
158298,0
158299,0
158300,0
158301,0
158302,0
158303,0
158304,0
158305,0
158306,0
158307,0
158308,1
158309,0
158310,0
158311,0
158312,0
158313,0
158314,0
158315,0
158316,0
158317,0
158318,0
158319,0
158320,0
158321,0
158322,0
158323,0
158324,0
158325,0
158326,0
158327,0
158328,0
158329,0
158330,0
158331,0
158332,0
158333,0
158334,0
158335,0
158336,0
158337,0
158338,2
158339,2
158340,2
158341,0
158342,0
158343,2
158344,0
158345,0
158346,1
158347,1
158348,0
158349,0
158350,0
158351,0
158352,0
158353,0
158354,0
158355,0
158356,0
158357,0
158358,0
158359,1
158360,1
158361,0
158362,0
158363,0
158364,0
158365,1
158366,0
158367,0
158368,1
158369,0
158370,1
158371,2
158372,2
158373,2
158374,1
158375,1
158376,1
158377,0
158378,0
158379,1
158380,0
158381,0
158382,0
158383,0
158384,0
158385,0
158386,0
158387,2
158388,0
158389,0
158390,0
158391,0
158392,0
158393,0
158394,0
158395,0
158396,0
158397,0
158398,0
158399,0
158400,0
158401,0
158402,0
158403,0
158404,0
158405,0
158406,0
158407,0
158408,0
158409,1
158410,1
158411,0
158412,1
158413,1
158414,0
158415,1
158416,0
158417,2
158418,0
158419,2
158420,0
158421,0
158422,2
158423,2
158424,2
158425,2
158426,0
158427,2
158428,0
158429,0
158430,0
158431,0
158432,0
158433,0
158434,0
158435,0
158436,0
158437,0
158438,2
158439,0
158440,0
158441,0
158442,0
158443,0
158444,0
158445,0
158446,0
158447,0
158448,0
158449,0
158450,0
158451,0
158452,0
158453,0
158454,0
158455,0
158456,0
158457,2
158458,0
158459,0
158460,0
158461,0
158462,0
158463,0
158464,0
158465,0
158466,0
158467,0
158468,0
158469,0
158470,0
158471,0
158472,0
158473,0
158474,0
158475,0
158476,0
158477,0
158478,0
158479,0
158480,0
158481,0
158482,0
158483,0
158484,0
158485,0
158486,0
158487,0
158488,0
158489,0
158490,0
158491,0
158492,0
158493,0
158494,2
158495,2
158496,2
158497,0
158498,2
158499,2
158500,2
158501,2
158502,0
158503,0
158504,2
158505,2
158506,0
158507,2
158508,2
158509,2
158510,2
158511,2
158512,2
158513,0
158514,0
158515,0
158516,0
158517,0
158518,0
158519,0
158520,0
158521,0
158522,0
158523,0
158524,0
158525,0
158526,0
158527,0
158528,2
158529,0
158530,0
158531,0
158532,0
158533,0
158534,0
158535,0
158536,0
158537,0
158538,0
158539,0
158540,0
158541,0
158542,0
158543,0
158544,0
158545,0
158546,0
158547,0
158548,0
158549,0
158550,0
158551,0
158552,0
158553,0
158554,2
158555,2
158556,2
158557,2
158558,0
158559,2
158560,2
158561,0
158562,2
158563,0
158564,0
158565,0
158566,0
158567,0
158568,0
158569,0
158570,0
158571,0
158572,0
158573,0
158574,0
158575,0
158576,0
158577,0
158578,0
158579,0
158580,0
158581,0
158582,0
158583,0
158584,0
158585,0
158586,0
158587,0
158588,0
158589,0
158590,0
158591,0
158592,0
158593,1
158594,1
158595,1
158596,0
158597,1
158598,0
158599,1
158600,1
158601,0
158602,0
158603,0
158604,0
158605,0
158606,0
158607,0
158608,0
158609,0
158610,0
158611,0
158612,0
158613,0
158614,0
158615,0
158616,0
158617,0
158618,0
158619,0
158620,0
158621,0
158622,0
158623,0
158624,0
158625,0
158626,0
158627,0
158628,0
158629,0
158630,0
158631,0
158632,0
158633,0
158634,0
158635,0
158636,0
158637,0
158638,0
158639,0
158640,0
158641,0
158642,0
158643,0
158644,0
158645,0
158646,0
158647,0
158648,0
158649,0
158650,0
158651,0
158652,0
158653,4
158654,4
158655,2
158656,2
158657,2
158658,0
158659,0
158660,0
158661,0
158662,0
158663,0
158664,0
158665,0
158666,0
158667,0
158668,0
158669,0
158670,0
158671,2
158672,2
158673,1
158674,0
158675,2
158676,0
158677,0
158678,0
158679,0
158680,0
158681,0
158682,2
158683,2
158684,2
158685,2
158686,0
158687,0
158688,0
158689,0
158690,0
158691,0
158692,0
158693,0
158694,0
158695,0
158696,0
158697,0
158698,0
158699,0
158700,0
158701,0
158702,0
158703,0
158704,0
158705,1
158706,0
158707,2
158708,0
158709,0
158710,0
158711,1
158712,1
158713,1
158714,1
158715,0
158716,0
158717,0
158718,0
158719,0
158720,0
158721,0
158722,0
158723,0
158724,0
158725,0
158726,0
158727,0
158728,0
158729,0
158730,0
158731,0
158732,1
158733,0
158734,0
158735,0
158736,0
158737,0
158738,0
158739,0
158740,0
158741,1
158742,1
158743,1
158744,1
158745,0
158746,2
158747,2
158748,0
158749,0
158750,0
158751,0
158752,0
158753,1
158754,1
158755,1
158756,1
158757,0
158758,0
158759,0
158760,0
158761,0
158762,0
158763,0
158764,2
158765,1
158766,1
158767,0
158768,0
158769,3
158770,1
158771,1
158772,1
158773,1
158774,0
158775,0
158776,0
158777,1
158778,0
158779,1
158780,1
158781,1
158782,2
158783,2
158784,0
158785,0
158786,0
158787,0
158788,2
158789,2
158790,2
158791,1
158792,1
158793,0
158794,1
158795,3
158796,0
158797,3
158798,3
158799,3
158800,1
158801,1
158802,1
158803,1
158804,0
158805,1
158806,0
158807,3
158808,0
158809,0
158810,1
158811,1
158812,0
158813,0
158814,0
158815,0
158816,0
158817,0
158818,0
158819,0
158820,0
158821,1
158822,1
158823,1
158824,0
158825,1
158826,1
158827,1
158828,1
158829,0
158830,1
158831,1
158832,0
158833,0
158834,0
158835,0
158836,0
158837,0
158838,0
158839,0
158840,0
158841,0
158842,0
158843,1
158844,1
158845,0
158846,1
158847,0
158848,1
158849,3
158850,0
158851,0
158852,0
158853,0
158854,0
158855,0
158856,0
158857,0
158858,0
158859,0
158860,0
158861,0
158862,0
158863,0
158864,0
158865,0
158866,0
158867,0
158868,0
158869,0
158870,0
158871,0
158872,0
158873,0
158874,0
158875,0
158876,1
158877,0
158878,0
158879,0
158880,0
158881,0
158882,0
158883,0
158884,1
158885,0
158886,0
158887,0
158888,2
158889,2
158890,2
158891,2
158892,0
158893,0
158894,1
158895,0
158896,0
158897,0
158898,0
158899,0
158900,0
158901,0
158902,0
158903,0
158904,0
158905,0
158906,2
158907,0
158908,0
158909,0
158910,0
158911,0
158912,0
158913,0
158914,2
158915,0
158916,2
158917,0
158918,0
158919,0
158920,0
158921,0
158922,0
158923,1
158924,1
158925,0
158926,0
158927,0
158928,0
158929,0
158930,0
158931,0
158932,0
158933,0
158934,0
158935,0
158936,0
158937,0
158938,0
158939,0
158940,0
158941,0
158942,0
158943,0
158944,0
158945,0
158946,0
158947,0
158948,1
158949,1
158950,1
158951,1
158952,1
158953,1
158954,1
158955,0
158956,1
158957,0
158958,1
158959,1
158960,0
158961,1
158962,1
158963,0
158964,0
158965,0
158966,1
158967,0
158968,0
158969,1
158970,0
158971,1
158972,0
158973,0
158974,0
158975,0
158976,1
158977,1
158978,0
158979,0
158980,0
158981,0
158982,0
158983,0
158984,0
158985,0
158986,0
158987,0
158988,0
158989,0
158990,0
158991,0
158992,0
158993,0
158994,0
158995,0
158996,0
158997,0
158998,0
158999,0
159000,0
159001,0
159002,0
159003,0
159004,0
159005,0
159006,0
159007,0
159008,0
159009,0
159010,0
159011,0
159012,0
159013,0
159014,0
159015,0
159016,2
159017,0
159018,0
159019,0
159020,0
159021,0
159022,0
159023,0
159024,0
159025,0
159026,0
159027,0
159028,0
159029,0
159030,0
159031,0
159032,0
159033,0
159034,0
159035,0
159036,0
159037,2
159038,0
159039,0
159040,0
159041,2
159042,0
159043,0
159044,0
159045,0
159046,0
159047,0
159048,0
159049,0
159050,0
159051,0
159052,2
159053,2
159054,2
159055,0
159056,0
159057,0
159058,0
159059,0
159060,0
159061,0
159062,0
159063,0
159064,0
159065,0
159066,0
159067,0
159068,0
159069,0
159070,0
159071,0
159072,0
159073,2
159074,0
159075,0
159076,0
159077,0
159078,0
159079,0
159080,0
159081,1
159082,1
159083,0
159084,0
159085,0
159086,0
159087,0
159088,0
159089,0
159090,0
159091,0
159092,0
159093,0
159094,0
159095,0
159096,0
159097,0
159098,1
159099,1
159100,1
159101,1
159102,3
159103,2
159104,0
159105,0
159106,0
159107,0
159108,0
159109,0
159110,0
159111,3
159112,1
159113,1
159114,3
159115,1
159116,0
159117,0
159118,0
159119,0
159120,1
159121,1
159122,1
159123,0
159124,0
159125,0
159126,0
159127,0
159128,0
159129,2
159130,0
159131,0
159132,0
159133,0
159134,0
159135,0
159136,0
159137,0
159138,0
159139,0
159140,0
159141,0
159142,0
159143,0
159144,0
159145,0
159146,0
159147,0
159148,0
159149,0
159150,0
159151,0
159152,0
159153,1
159154,1
159155,1
159156,1
159157,1
159158,1
159159,3
159160,3
159161,1
159162,0
159163,0
159164,1
159165,2
159166,2
159167,0
159168,1
159169,2
159170,1
159171,1
159172,1
159173,1
159174,1
159175,1
159176,0
159177,0
159178,0
159179,0
159180,0
159181,2
159182,2
159183,0
159184,0
159185,0
159186,0
159187,0
159188,0
159189,1
159190,1
159191,0
159192,0
159193,0
159194,0
159195,0
159196,0
159197,0
159198,0
159199,0
159200,0
159201,0
159202,0
159203,0
159204,0
159205,0
159206,0
159207,0
159208,0
159209,1
159210,1
159211,0
159212,0
159213,0
159214,0
159215,0
159216,0
159217,0
159218,0
159219,0
159220,0
159221,0
159222,0
159223,0
159224,0
159225,1
159226,0
159227,0
159228,0
159229,0
159230,0
159231,0
159232,0
159233,0
159234,0
159235,0
159236,0
159237,0
159238,0
159239,0
159240,3
159241,3
159242,1
159243,0
159244,0
159245,0
159246,0
159247,0
159248,0
159249,1
159250,1
159251,1
159252,3
159253,1
159254,1
159255,1
159256,1
159257,3
159258,3
159259,0
159260,0
159261,0
159262,0
159263,1
159264,0
159265,0
159266,0
159267,0
159268,0
159269,1
159270,1
159271,1
159272,1
159273,1
159274,1
159275,1
159276,1
159277,1
159278,1
159279,1
159280,0
159281,2
159282,2
159283,4
159284,2
159285,1
159286,1
159287,0
159288,0
159289,0
159290,0
159291,0
159292,0
159293,2
159294,2
159295,2
159296,2
159297,2
159298,0
159299,0
159300,2
159301,0
159302,0
159303,0
159304,1
159305,1
159306,1
159307,1
159308,1
159309,2
159310,0
159311,0
159312,0
159313,0
159314,0
159315,0
159316,0
159317,0
159318,0
159319,0
159320,0
159321,0
159322,0
159323,0
159324,4
159325,4
159326,2
159327,2
159328,2
159329,2
159330,2
159331,0
159332,0
159333,0
159334,2
159335,0
159336,1
159337,1
159338,1
159339,0
159340,0
159341,0
159342,0
159343,0
159344,0
159345,0
159346,0
159347,0
159348,0
159349,0
159350,0
159351,0
159352,0
159353,0
159354,0
159355,0
159356,0
159357,0
159358,0
159359,0
159360,0
159361,0
159362,0
159363,0
159364,0
159365,0
159366,0
159367,0
159368,0
159369,0
159370,0
159371,0
159372,0
159373,0
159374,0
159375,0
159376,0
159377,0
159378,0
159379,0
159380,0
159381,0
159382,0
159383,0
159384,0
159385,0
159386,0
159387,0
159388,0
159389,0
159390,0
159391,0
159392,0
159393,0
159394,0
159395,1
159396,1
159397,1
159398,1
159399,1
159400,1
159401,0
159402,1
159403,1
159404,1
159405,1
159406,0
159407,1
159408,1
159409,0
159410,0
159411,0
159412,0
159413,0
159414,0
159415,0
159416,0
159417,0
159418,0
159419,0
159420,0
159421,0
159422,0
159423,0
159424,0
159425,0
159426,0
159427,0
159428,0
159429,0
159430,0
159431,0
159432,0
159433,0
159434,0
159435,0
159436,0
159437,0
159438,0
159439,0
159440,0
159441,0
159442,0
159443,0
159444,0
159445,0
159446,0
159447,1
159448,0
159449,0
159450,0
159451,0
159452,0
159453,0
159454,0
159455,0
159456,0
159457,0
159458,0
159459,0
159460,0
159461,0
159462,0
159463,0
159464,0
159465,0
159466,0
159467,0
159468,0
159469,0
159470,0
159471,0
159472,0
159473,0
159474,0
159475,0
159476,1
159477,0
159478,0
159479,0
159480,0
159481,0
159482,0
159483,0
159484,0
159485,0
159486,0
159487,0
159488,0
159489,0
159490,0
159491,0
159492,0
159493,0
159494,0
159495,0
159496,0
159497,0
159498,0
159499,0
159500,0
159501,0
159502,0
159503,0
159504,0
159505,0
159506,0
159507,0
159508,0
159509,0
159510,0
159511,0
159512,0
159513,0
159514,0
159515,1
159516,1
159517,1
159518,0
159519,0
159520,0
159521,0
159522,0
159523,0
159524,0
159525,0
159526,0
159527,0
159528,0
159529,0
159530,0
159531,0
159532,0
159533,0
159534,0
159535,0
159536,0
159537,0
159538,0
159539,1
159540,1
159541,1
159542,1
159543,0
159544,0
159545,0
159546,0
159547,0
159548,0
159549,0
159550,0
159551,0
159552,0
159553,0
159554,0
159555,1
159556,0
159557,0
159558,1
159559,0
159560,1
159561,1
159562,0
159563,0
159564,0
159565,0
159566,0
159567,0
159568,0
159569,0
159570,2
159571,0
159572,2
159573,1
159574,0
159575,1
159576,1
159577,1
159578,1
159579,1
159580,0
159581,0
159582,0
159583,0
159584,0
159585,2
159586,2
159587,2
159588,2
159589,0
159590,0
159591,0
159592,0
159593,0
159594,2
159595,0
159596,2
159597,0
159598,0
159599,0
159600,0
159601,0
159602,0
159603,0
159604,0
159605,0
159606,0
159607,0
159608,0
159609,0
159610,0
159611,0
159612,0
159613,0
159614,0
159615,0
159616,0
159617,2
159618,2
159619,0
159620,0
159621,0
159622,0
159623,0
159624,0
159625,0
159626,0
159627,0
159628,0
159629,0
159630,0
159631,0
159632,1
159633,0
159634,1
159635,1
159636,1
159637,0
159638,0
159639,0
159640,0
159641,0
159642,0
159643,1
159644,0
159645,1
159646,1
159647,2
159648,2
159649,0
159650,0
159651,2
159652,2
159653,2
159654,0
159655,1
159656,1
159657,0
159658,0
159659,4
159660,4
159661,2
159662,2
159663,0
159664,2
159665,2
159666,0
159667,2
159668,0
159669,0
159670,0
159671,0
159672,0
159673,0
159674,0
159675,0
159676,2
159677,0
159678,0
159679,0
159680,2
159681,2
159682,0
159683,0
159684,2
159685,0
159686,2
159687,2
159688,2
159689,2
159690,0
159691,0
159692,0
159693,0
159694,0
159695,0
159696,0
159697,1
159698,0
159699,0
159700,0
159701,0
159702,0
159703,0
159704,0
159705,0
159706,0
159707,0
159708,0
159709,0
159710,0
159711,0
159712,2
159713,0
159714,0
159715,2
159716,0
159717,2
159718,0
159719,0
159720,0
159721,0
159722,0
159723,0
159724,0
159725,0
159726,0
159727,0
159728,0
159729,0
159730,0
159731,0
159732,0
159733,0
159734,0
159735,0
159736,0
159737,0
159738,0
159739,0
159740,0
159741,0
159742,0
159743,0
159744,0
159745,0
159746,0
159747,0
159748,0
159749,0
159750,0
159751,0
159752,0
159753,0
159754,0
159755,0
159756,0
159757,0
159758,0
159759,0
159760,0
159761,0
159762,0
159763,0
159764,0
159765,0
159766,0
159767,0
159768,0
159769,0
159770,2
159771,2
159772,0
159773,0
159774,0
159775,0
159776,0
159777,0
159778,0
159779,0
159780,0
159781,0
159782,0
159783,0
159784,0
159785,0
159786,0
159787,0
159788,1
159789,0
159790,0
159791,0
159792,0
159793,0
159794,0
159795,0
159796,0
159797,0
159798,0
159799,0
159800,0
159801,0
159802,0
159803,0
159804,0
159805,0
159806,0
159807,0
159808,0
159809,0
159810,0
159811,0
159812,0
159813,0
159814,0
159815,1
159816,1
159817,1
159818,1
159819,1
159820,1
159821,1
159822,1
159823,1
159824,0
159825,0
159826,0
159827,0
159828,1
159829,0
159830,1
159831,1
159832,0
159833,0
159834,0
159835,0
159836,0
159837,2
159838,2
159839,1
159840,1
159841,1
159842,1
159843,1
159844,1
159845,0
159846,1
159847,1
159848,1
159849,0
159850,0
159851,1
159852,1
159853,0
159854,1
159855,0
159856,1
159857,1
159858,0
159859,0
159860,0
159861,0
159862,0
159863,0
159864,0
159865,0
159866,0
159867,0
159868,0
159869,0
159870,0
159871,0
159872,2
159873,2
159874,2
159875,0
159876,2
159877,0
159878,0
159879,0
159880,0
159881,0
159882,0
159883,0
159884,0
159885,2
159886,2
159887,2
159888,4
159889,4
159890,2
159891,0
159892,2
159893,2
159894,2
159895,0
159896,0
159897,0
159898,0
159899,0
159900,0
159901,1
159902,0
159903,0
159904,0
159905,0
159906,0
159907,0
159908,0
159909,1
159910,1
159911,0
159912,0
159913,0
159914,0
159915,0
159916,0
159917,0
159918,0
159919,0
159920,0
159921,0
159922,0
159923,0
159924,1
159925,1
159926,1
159927,1
159928,0
159929,1
159930,1
159931,0
159932,0
159933,0
159934,0
159935,0
159936,1
159937,1
159938,1
159939,1
159940,1
159941,0
159942,0
159943,0
159944,0
159945,0
159946,0
159947,1
159948,1
159949,0
159950,0
159951,1
159952,1
159953,1
159954,1
159955,0
159956,0
159957,0
159958,0
159959,0
159960,0
159961,0
159962,0
159963,0
159964,1
159965,0
159966,0
159967,0
159968,0
159969,2
159970,0
159971,2
159972,2
159973,0
159974,0
159975,0
159976,0
159977,0
159978,0
159979,0
159980,0
159981,0
159982,0
159983,0
159984,0
159985,0
159986,2
159987,0
159988,2
159989,2
159990,2
159991,2
159992,0
159993,2
159994,0
159995,0
159996,0
159997,0
159998,0
159999,0
160000,2
160001,0
160002,0
160003,0
160004,0
160005,0
160006,0
160007,0
160008,0
160009,0
160010,0
160011,0
160012,0
160013,0
160014,0
160015,0
160016,0
160017,0
160018,0
160019,0
160020,0
160021,2
160022,2
160023,2
160024,0
160025,2
160026,0
160027,0
160028,0
160029,0
160030,0
160031,0
160032,0
160033,0
160034,0
160035,2
160036,0
160037,0
160038,0
160039,0
160040,0
160041,0
160042,0
160043,0
160044,0
160045,2
160046,2
160047,2
160048,2
160049,1
160050,1
160051,1
160052,1
160053,1
160054,0
160055,1
160056,0
160057,0
160058,0
160059,0
160060,0
160061,0
160062,0
160063,0
160064,0
160065,0
160066,0
160067,0
160068,0
160069,0
160070,0
160071,0
160072,0
160073,0
160074,0
160075,1
160076,1
160077,1
160078,1
160079,0
160080,0
160081,0
160082,0
160083,0
160084,0
160085,0
160086,0
160087,0
160088,0
160089,0
160090,0
160091,0
160092,0
160093,0
160094,0
160095,0
160096,0
160097,0
160098,0
160099,0
160100,0
160101,0
160102,0
160103,1
160104,0
160105,1
160106,1
160107,0
160108,0
160109,0
160110,0
160111,1
160112,1
160113,0
160114,0
160115,0
160116,0
160117,0
160118,0
160119,2
160120,0
160121,0
160122,0
160123,1
160124,1
160125,0
160126,0
160127,0
160128,0
160129,0
160130,0
160131,0
160132,0
160133,0
160134,0
160135,0
160136,0
160137,0
160138,0
160139,0
160140,0
160141,0
160142,0
160143,0
160144,0
160145,0
160146,0
160147,0
160148,0
160149,0
160150,0
160151,0
160152,0
160153,2
160154,2
160155,0
160156,0
160157,1
160158,1
160159,1
160160,0
160161,1
160162,0
160163,1
160164,1
160165,0
160166,1
160167,1
160168,1
160169,0
160170,0
160171,0
160172,0
160173,1
160174,1
160175,1
160176,1
160177,1
160178,0
160179,0
160180,0
160181,0
160182,0
160183,0
160184,0
160185,0
160186,0
160187,0
160188,0
160189,0
160190,0
160191,0
160192,0
160193,0
160194,0
160195,0
160196,0
160197,0
160198,0
160199,0
160200,0
160201,0
160202,1
160203,1
160204,1
160205,1
160206,1
160207,0
160208,0
160209,0
160210,0
160211,0
160212,0
160213,0
160214,0
160215,0
160216,0
160217,0
160218,0
160219,0
160220,0
160221,0
160222,0
160223,0
160224,0
160225,0
160226,0
160227,0
160228,0
160229,0
160230,1
160231,0
160232,0
160233,0
160234,0
160235,0
160236,0
160237,0
160238,0
160239,0
160240,0
160241,1
160242,0
160243,0
160244,1
160245,1
160246,0
160247,1
160248,0
160249,0
160250,0
160251,0
160252,0
160253,0
160254,1
160255,0
160256,0
160257,0
160258,0
160259,0
160260,0
160261,0
160262,1
160263,0
160264,0
160265,0
160266,0
160267,2
160268,2
160269,2
160270,2
160271,0
160272,0
160273,0
160274,0
160275,0
160276,0
160277,0
160278,0
160279,1
160280,0
160281,0
160282,0
160283,0
160284,0
160285,0
160286,0
160287,0
160288,0
160289,0
160290,0
160291,0
160292,0
160293,2
160294,0
160295,0
160296,0
160297,0
160298,0
160299,0
160300,0
160301,0
160302,0
160303,0
160304,0
160305,1
160306,1
160307,0
160308,0
160309,4
160310,2
160311,2
160312,0
160313,2
160314,2
160315,2
160316,2
160317,2
160318,0
160319,2
160320,2
160321,2
160322,0
160323,0
160324,0
160325,0
160326,0
160327,0
160328,0
160329,0
160330,0
160331,0
160332,1
160333,1
160334,0
160335,1
160336,0
160337,0
160338,0
160339,0
160340,0
160341,0
160342,0
160343,0
160344,0
160345,0
160346,3
160347,3
160348,1
160349,1
160350,0
160351,0
160352,1
160353,1
160354,1
160355,1
160356,0
160357,1
160358,1
160359,1
160360,0
160361,1
160362,1
160363,0
160364,3
160365,3
160366,3
160367,0
160368,0
160369,0
160370,0
160371,0
160372,0
160373,0
160374,0
160375,2
160376,2
160377,2
160378,2
160379,2
160380,1
160381,0
160382,1
160383,0
160384,0
160385,0
160386,0
160387,0
160388,2
160389,0
160390,0
160391,0
160392,0
160393,0
160394,0
160395,0
160396,0
160397,0
160398,0
160399,1
160400,1
160401,1
160402,0
160403,2
160404,2
160405,0
160406,0
160407,0
160408,0
160409,0
160410,0
160411,0
160412,0
160413,1
160414,0
160415,1
160416,1
160417,1
160418,1
160419,0
160420,1
160421,0
160422,0
160423,0
160424,0
160425,0
160426,0
160427,0
160428,2
160429,2
160430,0
160431,0
160432,2
160433,2
160434,0
160435,0
160436,0
160437,0
160438,0
160439,0
160440,0
160441,1
160442,1
160443,0
160444,1
160445,1
160446,0
160447,0
160448,0
160449,0
160450,0
160451,0
160452,0
160453,0
160454,0
160455,0
160456,0
160457,0
160458,2
160459,2
160460,2
160461,0
160462,0
160463,0
160464,0
160465,0
160466,0
160467,0
160468,0
160469,0
160470,0
160471,0
160472,0
160473,0
160474,0
160475,0
160476,0
160477,0
160478,0
160479,1
160480,1
160481,0
160482,0
160483,1
160484,1
160485,1
160486,1
160487,0
160488,2
160489,2
160490,2
160491,0
160492,0
160493,0
160494,0
160495,1
160496,0
160497,0
160498,0
160499,0
160500,0
160501,0
160502,0
160503,0
160504,0
160505,0
160506,0
160507,0
160508,0
160509,0
160510,0
160511,0
160512,2
160513,2
160514,2
160515,2
160516,0
160517,0
160518,2
160519,0
160520,2
160521,0
160522,0
160523,0
160524,0
160525,0
160526,0
160527,0
160528,0
160529,2
160530,2
160531,2
160532,0
160533,0
160534,0
160535,3
160536,3
160537,3
160538,1
160539,0
160540,0
160541,0
160542,0
160543,0
160544,1
160545,3
160546,0
160547,0
160548,0
160549,1
160550,1
160551,1
160552,1
160553,1
160554,0
160555,1
160556,0
160557,1
160558,1
160559,1
160560,1
160561,1
160562,2
160563,2
160564,0
160565,0
160566,1
160567,0
160568,0
160569,0
160570,1
160571,0
160572,0
160573,0
160574,0
160575,0
160576,0
160577,0
160578,0
160579,0
160580,0
160581,0
160582,0
160583,2
160584,0
160585,0
160586,0
160587,0
160588,0
160589,0
160590,0
160591,0
160592,0
160593,0
160594,0
160595,0
160596,0
160597,0
160598,0
160599,0
160600,1
160601,1
160602,0
160603,0
160604,0
160605,0
160606,0
160607,0
160608,0
160609,0
160610,3
160611,2
160612,2
160613,0
160614,0
160615,2
160616,2
160617,0
160618,0
160619,0
160620,0
160621,0
160622,0
160623,0
160624,0
160625,2
160626,0
160627,0
160628,0
160629,3
160630,1
160631,1
160632,0
160633,0
160634,1
160635,1
160636,0
160637,0
160638,1
160639,1
160640,1
160641,1
160642,0
160643,0
160644,0
160645,0
160646,1
160647,0
160648,1
160649,1
160650,1
160651,1
160652,0
160653,0
160654,0
160655,0
160656,0
160657,0
160658,0
160659,0
160660,0
160661,0
160662,0
160663,0
160664,0
160665,0
160666,0
160667,0
160668,0
160669,0
160670,0
160671,0
160672,0
160673,0
160674,0
160675,0
160676,0
160677,1
160678,0
160679,0
160680,0
160681,0
160682,1
160683,1
160684,1
160685,1
160686,0
160687,1
160688,1
160689,1
160690,1
160691,1
160692,0
160693,0
160694,0
160695,0
160696,2
160697,2
160698,2
160699,2
160700,2
160701,0
160702,2
160703,1
160704,2
160705,2
160706,0
160707,0
160708,0
160709,0
160710,0
160711,0
160712,2
160713,2
160714,2
160715,2
160716,3
160717,1
160718,1
160719,1
160720,1
160721,1
160722,0
160723,0
160724,0
160725,0
160726,0
160727,0
160728,0
160729,0
160730,1
160731,1
160732,0
160733,0
160734,0
160735,0
160736,0
160737,0
160738,0
160739,0
160740,0
160741,0
160742,0
160743,0
160744,0
160745,0
160746,0
160747,0
160748,0
160749,0
160750,0
160751,0
160752,0
160753,0
160754,0
160755,0
160756,0
160757,0
160758,0
160759,0
160760,0
160761,0
160762,0
160763,0
160764,0
160765,0
160766,0
160767,0
160768,0
160769,1
160770,0
160771,0
160772,0
160773,0
160774,0
160775,0
160776,0
160777,0
160778,0
160779,0
160780,0
160781,0
160782,0
160783,0
160784,0
160785,0
160786,0
160787,0
160788,0
160789,1
160790,1
160791,1
160792,0
160793,1
160794,1
160795,0
160796,1
160797,0
160798,0
160799,0
160800,0
160801,0
160802,0
160803,0
160804,0
160805,0
160806,1
160807,3
160808,3
160809,3
160810,2
160811,0
160812,0
160813,0
160814,0
160815,0
160816,0
160817,1
160818,1
160819,0
160820,1
160821,0
160822,0
160823,0
160824,0
160825,0
160826,0
160827,0
160828,0
160829,0
160830,0
160831,0
160832,0
160833,1
160834,0
160835,0
160836,0
160837,0
160838,0
160839,1
160840,1
160841,2
160842,2
160843,0
160844,0
160845,0
160846,0
160847,0
160848,0
160849,0
160850,0
160851,0
160852,0
160853,0
160854,0
160855,0
160856,0
160857,0
160858,0
160859,0
160860,0
160861,0
160862,0
160863,0
160864,0
160865,0
160866,0
160867,0
160868,0
160869,0
160870,0
160871,0
160872,0
160873,0
160874,0
160875,0
160876,0
160877,0
160878,0
160879,0
160880,0
160881,0
160882,0
160883,0
160884,0
160885,0
160886,0
160887,0
160888,0
160889,0
160890,0
160891,0
160892,0
160893,0
160894,0
160895,0
160896,0
160897,0
160898,0
160899,0
160900,0
160901,3
160902,4
160903,0
160904,4
160905,4
160906,0
160907,4
160908,0
160909,4
160910,2
160911,1
160912,1
160913,1
160914,0
160915,0
160916,0
160917,0
160918,0
160919,0
160920,0
160921,0
160922,0
160923,0
160924,0
160925,0
160926,0
160927,0
160928,0
160929,0
160930,0
160931,0
160932,0
160933,0
160934,0
160935,0
160936,0
160937,0
160938,0
160939,0
160940,0
160941,0
160942,0
160943,0
160944,2
160945,1
160946,1
160947,0
160948,1
160949,0
160950,0
160951,1
160952,1
160953,1
160954,1
160955,1
160956,0
160957,0
160958,0
160959,0
160960,0
160961,1
160962,0
160963,0
160964,1
160965,0
160966,0
160967,1
160968,1
160969,1
160970,1
160971,2
160972,1
160973,1
160974,1
160975,1
160976,0
160977,1
160978,0
160979,1
160980,1
160981,1
160982,0
160983,0
160984,0
160985,0
160986,0
160987,0
160988,0
160989,0
160990,0
160991,0
160992,0
160993,0
160994,0
160995,0
160996,0
160997,0
160998,0
160999,0
161000,1
161001,0
161002,0
161003,0
161004,0
161005,0
161006,0
161007,0
161008,0
161009,0
161010,0
161011,0
161012,0
161013,0
161014,0
161015,1
161016,0
161017,0
161018,0
161019,0
161020,0
161021,0
161022,0
161023,0
161024,0
161025,0
161026,0
161027,0
161028,0
161029,0
161030,0
161031,0
161032,0
161033,0
161034,0
161035,0
161036,0
161037,2
161038,0
161039,1
161040,1
161041,1
161042,1
161043,2
161044,0
161045,0
161046,0
161047,0
161048,1
161049,2
161050,1
161051,1
161052,1
161053,1
161054,1
161055,1
161056,1
161057,2
161058,0
161059,0
161060,1
161061,0
161062,0
161063,0
161064,0
161065,0
161066,0
161067,2
161068,0
161069,0
161070,0
161071,0
161072,2
161073,2
161074,0
161075,2
161076,0
161077,2
161078,2
161079,2
161080,0
161081,1
161082,1
161083,1
161084,0
161085,1
161086,1
161087,0
161088,0
161089,3
161090,0
161091,0
161092,3
161093,3
161094,1
161095,0
161096,1
161097,1
161098,1
161099,1
161100,0
161101,0
161102,1
161103,1
161104,1
161105,1
161106,0
161107,0
161108,1
161109,1
161110,1
161111,1
161112,0
161113,1
161114,0
161115,1
161116,1
161117,0
161118,1
161119,0
161120,0
161121,2
161122,2
161123,2
161124,2
161125,0
161126,2
161127,0
161128,0
161129,0
161130,0
161131,0
161132,0
161133,0
161134,0
161135,0
161136,0
161137,0
161138,0
161139,0
161140,0
161141,0
161142,1
161143,1
161144,1
161145,1
161146,1
161147,0
161148,1
161149,1
161150,1
161151,2
161152,0
161153,0
161154,0
161155,0
161156,0
161157,0
161158,1
161159,0
161160,0
161161,1
161162,3
161163,3
161164,3
161165,1
161166,1
161167,1
161168,1
161169,0
161170,0
161171,0
161172,0
161173,0
161174,0
161175,1
161176,0
161177,0
161178,0
161179,0
161180,0
161181,0
161182,2
161183,2
161184,2
161185,2
161186,2
161187,2
161188,2
161189,2
161190,2
161191,0
161192,0
161193,0
161194,0
161195,0
161196,0
161197,0
161198,0
161199,0
161200,0
161201,1
161202,1
161203,0
161204,1
161205,1
161206,1
161207,1
161208,1
161209,0
161210,0
161211,0
161212,0
161213,0
161214,0
161215,0
161216,0
161217,0
161218,0
161219,0
161220,0
161221,0
161222,0
161223,0
161224,0
161225,3
161226,1
161227,1
161228,1
161229,1
161230,0
161231,0
161232,0
161233,0
161234,0
161235,0
161236,0
161237,0
161238,0
161239,0
161240,0
161241,0
161242,0
161243,0
161244,0
161245,0
161246,0
161247,0
161248,0
161249,1
161250,0
161251,0
161252,0
161253,0
161254,0
161255,0
161256,0
161257,0
161258,0
161259,0
161260,0
161261,0
161262,0
161263,0
161264,0
161265,0
161266,0
161267,0
161268,0
161269,1
161270,1
161271,1
161272,1
161273,1
161274,0
161275,1
161276,1
161277,0
161278,1
161279,0
161280,0
161281,0
161282,0
161283,0
161284,0
161285,0
161286,0
161287,0
161288,0
161289,0
161290,0
161291,0
161292,0
161293,2
161294,2
161295,0
161296,2
161297,2
161298,0
161299,0
161300,0
161301,0
161302,0
161303,0
161304,0
161305,0
161306,0
161307,0
161308,0
161309,0
161310,0
161311,0
161312,0
161313,0
161314,0
161315,0
161316,0
161317,0
161318,0
161319,0
161320,0
161321,0
161322,0
161323,0
161324,0
161325,0
161326,0
161327,0
161328,0
161329,2
161330,2
161331,0
161332,0
161333,0
161334,0
161335,0
161336,0
161337,0
161338,1
161339,0
161340,0
161341,0
161342,0
161343,0
161344,0
161345,0
161346,0
161347,0
161348,0
161349,0
161350,0
161351,0
161352,0
161353,0
161354,0
161355,1
161356,2
161357,2
161358,0
161359,0
161360,0
161361,0
161362,2
161363,2
161364,2
161365,2
161366,0
161367,0
161368,0
161369,0
161370,0
161371,0
161372,0
161373,0
161374,0
161375,2
161376,0
161377,0
161378,0
161379,0
161380,0
161381,0
161382,0
161383,0
161384,0
161385,2
161386,2
161387,0
161388,0
161389,0
161390,0
161391,0
161392,0
161393,0
161394,0
161395,1
161396,0
161397,0
161398,0
161399,0
161400,1
161401,1
161402,0
161403,0
161404,0
161405,0
161406,0
161407,1
161408,1
161409,0
161410,0
161411,1
161412,1
161413,1
161414,1
161415,0
161416,0
161417,1
161418,1
161419,1
161420,0
161421,0
161422,0
161423,2
161424,0
161425,0
161426,2
161427,0
161428,0
161429,0
161430,0
161431,0
161432,0
161433,2
161434,2
161435,0
161436,1
161437,1
161438,1
161439,1
161440,1
161441,1
161442,1
161443,1
161444,0
161445,1
161446,1
161447,0
161448,0
161449,0
161450,0
161451,0
161452,0
161453,0
161454,0
161455,0
161456,0
161457,0
161458,0
161459,0
161460,0
161461,0
161462,0
161463,0
161464,0
161465,0
161466,0
161467,0
161468,1
161469,0
161470,0
161471,0
161472,0
161473,0
161474,0
161475,0
161476,0
161477,0
161478,0
161479,0
161480,0
161481,1
161482,1
161483,1
161484,1
161485,1
161486,0
161487,0
161488,0
161489,0
161490,0
161491,2
161492,2
161493,2
161494,0
161495,2
161496,2
161497,2
161498,0
161499,0
161500,0
161501,0
161502,0
161503,0
161504,0
161505,0
161506,0
161507,0
161508,0
161509,0
161510,0
161511,0
161512,0
161513,0
161514,0
161515,0
161516,0
161517,0
161518,0
161519,0
161520,0
161521,0
161522,0
161523,0
161524,0
161525,0
161526,0
161527,0
161528,0
161529,0
161530,0
161531,0
161532,0
161533,0
161534,0
161535,0
161536,0
161537,0
161538,0
161539,0
161540,0
161541,0
161542,0
161543,0
161544,0
161545,0
161546,2
161547,2
161548,2
161549,2
161550,0
161551,0
161552,0
161553,0
161554,0
161555,0
161556,0
161557,2
161558,2
161559,2
161560,2
161561,2
161562,0
161563,0
161564,0
161565,0
161566,0
161567,0
161568,0
161569,0
161570,0
161571,0
161572,1
161573,1
161574,0
161575,1
161576,0
161577,0
161578,0
161579,0
161580,2
161581,0
161582,0
161583,0
161584,0
161585,0
161586,0
161587,0
161588,0
161589,0
161590,1
161591,2
161592,2
161593,1
161594,1
161595,0
161596,1
161597,1
161598,1
161599,0
161600,0
161601,1
161602,0
161603,0
161604,0
161605,1
161606,0
161607,2
161608,2
161609,2
161610,2
161611,1
161612,1
161613,1
161614,1
161615,1
161616,1
161617,1
161618,0
161619,0
161620,4
161621,0
161622,0
161623,0
161624,0
161625,0
161626,0
161627,0
161628,0
161629,0
161630,0
161631,0
161632,0
161633,0
161634,0
161635,0
161636,0
161637,0
161638,2
161639,2
161640,1
161641,2
161642,1
161643,2
161644,2
161645,2
161646,0
161647,2
161648,2
161649,0
161650,0
161651,0
161652,0
161653,0
161654,0
161655,2
161656,0
161657,0
161658,2
161659,0
161660,2
161661,0
161662,0
161663,0
161664,0
161665,0
161666,0
161667,0
161668,0
161669,0
161670,0
161671,0
161672,0
161673,0
161674,0
161675,0
161676,0
161677,0
161678,0
161679,0
161680,0
161681,0
161682,1
161683,1
161684,1
161685,0
161686,0
161687,0
161688,1
161689,3
161690,0
161691,0
161692,0
161693,0
161694,0
161695,0
161696,0
161697,0
161698,0
161699,0
161700,0
161701,0
161702,0
161703,0
161704,0
161705,0
161706,0
161707,0
161708,0
161709,0
161710,0
161711,0
161712,0
161713,0
161714,0
161715,0
161716,0
161717,0
161718,0
161719,0
161720,0
161721,0
161722,0
161723,0
161724,0
161725,0
161726,0
161727,0
161728,0
161729,0
161730,0
161731,0
161732,0
161733,0
161734,0
161735,0
161736,0
161737,0
161738,0
161739,0
161740,0
161741,0
161742,0
161743,0
161744,2
161745,2
161746,0
161747,0
161748,0
161749,0
161750,0
161751,0
161752,0
161753,0
161754,0
161755,0
161756,0
161757,2
161758,2
161759,2
161760,2
161761,4
161762,0
161763,0
161764,4
161765,4
161766,2
161767,2
161768,2
161769,0
161770,0
161771,0
161772,0
161773,0
161774,0
161775,0
161776,0
161777,0
161778,0
161779,0
161780,0
161781,0
161782,0
161783,0
161784,0
161785,0
161786,0
161787,2
161788,1
161789,1
161790,1
161791,0
161792,1
161793,1
161794,1
161795,0
161796,0
161797,2
161798,2
161799,0
161800,2
161801,2
161802,2
161803,0
161804,2
161805,2
161806,2
161807,0
161808,0
161809,0
161810,1
161811,1
161812,1
161813,1
161814,0
161815,0
161816,0
161817,0
161818,0
161819,0
161820,0
161821,0
161822,1
161823,1
161824,1
161825,0
161826,0
161827,0
161828,1
161829,0
161830,0
161831,0
161832,0
161833,0
161834,0
161835,0
161836,0
161837,0
161838,0
161839,0
161840,0
161841,0
161842,0
161843,0
161844,0
161845,1
161846,1
161847,1
161848,0
161849,0
161850,0
161851,0
161852,1
161853,1
161854,1
161855,2
161856,2
161857,2
161858,2
161859,0
161860,0
161861,2
161862,0
161863,0
161864,0
161865,0
161866,0
161867,0
161868,0
161869,0
161870,0
161871,0
161872,0
161873,2
161874,2
161875,0
161876,0
161877,2
161878,0
161879,0
161880,0
161881,2
161882,0
161883,2
161884,0
161885,2
161886,2
161887,2
161888,2
161889,0
161890,0
161891,0
161892,0
161893,0
161894,0
161895,2
161896,0
161897,0
161898,0
161899,0
161900,0
161901,0
161902,0
161903,0
161904,0
161905,0
161906,0
161907,0
161908,0
161909,2
161910,0
161911,2
161912,0
161913,0
161914,0
161915,0
161916,0
161917,0
161918,0
161919,0
161920,0
161921,0
161922,0
161923,0
161924,0
161925,0
161926,0
161927,0
161928,0
161929,0
161930,2
161931,2
161932,0
161933,2
161934,0
161935,0
161936,0
161937,0
161938,0
161939,2
161940,2
161941,0
161942,0
161943,1
161944,0
161945,0
161946,0
161947,0
161948,0
161949,1
161950,4
161951,2
161952,1
161953,1
161954,0
161955,1
161956,0
161957,1
161958,1
161959,1
161960,0
161961,1
161962,0
161963,1
161964,0
161965,1
161966,0
161967,0
161968,0
161969,0
161970,0
161971,1
161972,1
161973,1
161974,0
161975,0
161976,0
161977,1
161978,0
161979,0
161980,0
161981,2
161982,2
161983,0
161984,0
161985,0
161986,0
161987,0
161988,0
161989,0
161990,0
161991,2
161992,0
161993,1
161994,1
161995,0
161996,1
161997,0
161998,0
161999,0
162000,0
162001,0
162002,0
162003,0
162004,0
162005,0
162006,0
162007,0
162008,0
162009,0
162010,0
162011,0
162012,0
162013,0
162014,0
162015,0
162016,0
162017,0
162018,0
162019,0
162020,2
162021,2
162022,2
162023,0
162024,0
162025,0
162026,0
162027,0
162028,0
162029,0
162030,0
162031,0
162032,0
162033,0
162034,0
162035,0
162036,0
162037,0
162038,0
162039,1
162040,0
162041,0
162042,0
162043,0
162044,0
162045,1
162046,0
162047,1
162048,1
162049,0
162050,0
162051,0
162052,0
162053,0
162054,0
162055,0
162056,0
162057,0
162058,0
162059,1
162060,0
162061,0
162062,0
162063,0
162064,0
162065,0
162066,0
162067,0
162068,0
162069,0
162070,0
162071,1
162072,1
162073,1
162074,1
162075,0
162076,1
162077,1
162078,0
162079,1
162080,0
162081,0
162082,0
162083,1
162084,1
162085,0
162086,1
162087,1
162088,0
162089,0
162090,2
162091,2
162092,0
162093,0
162094,2
162095,2
162096,0
162097,0
162098,0
162099,0
162100,0
162101,0
162102,0
162103,0
162104,0
162105,0
162106,0
162107,0
162108,0
162109,0
162110,0
162111,0
162112,0
162113,1
162114,0
162115,0
162116,0
162117,0
162118,0
162119,0
162120,0
162121,0
162122,1
162123,1
162124,1
162125,1
162126,0
162127,0
162128,0
162129,0
162130,0
162131,2
162132,0
162133,0
162134,0
162135,0
162136,0
162137,0
162138,0
162139,0
162140,0
162141,0
162142,0
162143,0
162144,0
162145,0
162146,0
162147,2
162148,0
162149,0
162150,0
162151,0
162152,0
162153,0
162154,0
162155,0
162156,0
162157,0
162158,0
162159,0
162160,0
162161,0
162162,0
162163,0
162164,0
162165,0
162166,0
162167,0
162168,0
162169,0
162170,0
162171,0
162172,0
162173,0
162174,0
162175,0
162176,0
162177,4
162178,2
162179,2
162180,2
162181,2
162182,0
162183,0
162184,2
162185,0
162186,0
162187,0
162188,0
162189,0
162190,0
162191,2
162192,0
162193,0
162194,0
162195,0
162196,2
162197,0
162198,2
162199,2
162200,0
162201,0
162202,0
162203,0
162204,0
162205,0
162206,0
162207,0
162208,0
162209,0
162210,0
162211,0
162212,0
162213,0
162214,0
162215,0
162216,0
162217,0
162218,0
162219,2
162220,2
162221,2
162222,2
162223,2
162224,0
162225,0
162226,0
162227,0
162228,2
162229,2
162230,0
162231,0
162232,0
162233,0
162234,0
162235,0
162236,0
162237,0
162238,0
162239,0
162240,0
162241,0
162242,0
162243,0
162244,0
162245,0
162246,0
162247,0
162248,0
162249,0
162250,0
162251,0
162252,0
162253,0
162254,0
162255,0
162256,0
162257,0
162258,0
162259,0
162260,0
162261,0
162262,0
162263,0
162264,0
162265,0
162266,0
162267,0
162268,0
162269,0
162270,0
162271,0
162272,0
162273,0
162274,0
162275,0
162276,0
162277,0
162278,0
162279,0
162280,0
162281,0
162282,0
162283,0
162284,0
162285,0
162286,0
162287,0
162288,0
162289,0
162290,0
162291,0
162292,1
162293,1
162294,1
162295,1
162296,1
162297,0
162298,1
162299,0
162300,0
162301,0
162302,0
162303,0
162304,0
162305,1
162306,0
162307,1
162308,0
162309,0
162310,1
162311,0
162312,0
162313,0
162314,0
162315,0
162316,0
162317,0
162318,0
162319,0
162320,0
162321,0
162322,2
162323,1
162324,1
162325,1
162326,0
162327,2
162328,2
162329,2
162330,2
162331,0
162332,0
162333,0
162334,0
162335,0
162336,0
162337,0
162338,2
162339,0
162340,1
162341,0
162342,0
162343,0
162344,0
162345,0
162346,0
162347,0
162348,0
162349,0
162350,0
162351,0
162352,0
162353,0
162354,0
162355,0
162356,0
162357,0
162358,0
162359,0
162360,0
162361,0
162362,0
162363,0
162364,0
162365,0
162366,0
162367,0
162368,0
162369,0
162370,0
162371,0
162372,1
162373,1
162374,1
162375,1
162376,1
162377,1
162378,0
162379,1
162380,1
162381,0
162382,0
162383,0
162384,0
162385,0
162386,0
162387,0
162388,0
162389,0
162390,0
162391,0
162392,0
162393,0
162394,0
162395,0
162396,0
162397,0
162398,0
162399,0
162400,0
162401,0
162402,0
162403,0
162404,0
162405,0
162406,0
162407,1
162408,1
162409,1
162410,1
162411,0
162412,0
162413,0
162414,0
162415,0
162416,0
162417,0
162418,0
162419,0
162420,0
162421,0
162422,0
162423,0
162424,0
162425,0
162426,2
162427,2
162428,2
162429,1
162430,2
162431,0
162432,1
162433,1
162434,1
162435,0
162436,1
162437,0
162438,0
162439,0
162440,0
162441,0
162442,0
162443,0
162444,2
162445,2
162446,2
162447,2
162448,0
162449,0
162450,0
162451,0
162452,0
162453,0
162454,2
162455,2
162456,2
162457,0
162458,1
162459,1
162460,0
162461,0
162462,1
162463,0
162464,0
162465,0
162466,0
162467,0
162468,1
162469,1
162470,1
162471,1
162472,1
162473,0
162474,1
162475,0
162476,0
162477,0
162478,0
162479,1
162480,1
162481,0
162482,0
162483,0
162484,0
162485,0
162486,0
162487,0
162488,0
162489,0
162490,0
162491,0
162492,0
162493,0
162494,0
162495,0
162496,0
162497,0
162498,0
162499,0
162500,0
162501,0
162502,0
162503,0
162504,0
162505,0
162506,0
162507,0
162508,0
162509,0
162510,4
162511,2
162512,2
162513,2
162514,2
162515,0
162516,0
162517,0
162518,0
162519,0
162520,0
162521,0
162522,0
162523,0
162524,0
162525,0
162526,0
162527,1
162528,1
162529,1
162530,1
162531,1
162532,0
162533,1
162534,0
162535,0
162536,0
162537,0
162538,1
162539,1
162540,0
162541,0
162542,0
162543,0
162544,0
162545,0
162546,0
162547,0
162548,0
162549,0
162550,0
162551,0
162552,0
162553,0
162554,0
162555,0
162556,0
162557,0
162558,0
162559,0
162560,0
162561,0
162562,0
162563,0
162564,0
162565,0
162566,0
162567,0
162568,0
162569,0
162570,0
162571,0
162572,0
162573,0
162574,0
162575,2
162576,0
162577,2
162578,2
162579,2
162580,0
162581,2
162582,0
162583,0
162584,0
162585,0
162586,0
162587,0
162588,0
162589,0
162590,0
162591,0
162592,0
162593,0
162594,0
162595,0
162596,0
162597,0
162598,0
162599,0
162600,0
162601,0
162602,0
162603,0
162604,0
162605,0
162606,0
162607,0
162608,0
162609,0
162610,0
162611,0
162612,0
162613,0
162614,4
162615,4
162616,4
162617,4
162618,4
162619,1
162620,1
162621,1
162622,1
162623,1
162624,2
162625,0
162626,0
162627,2
162628,0
162629,0
162630,0
162631,0
162632,0
162633,0
162634,0
162635,0
162636,0
162637,0
162638,0
162639,0
162640,0
162641,0
162642,0
162643,0
162644,0
162645,0
162646,0
162647,0
162648,0
162649,0
162650,0
162651,3
162652,1
162653,0
162654,0
162655,0
162656,0
162657,0
162658,0
162659,0
162660,0
162661,0
162662,0
162663,0
162664,0
162665,0
162666,0
162667,0
162668,0
162669,1
162670,1
162671,0
162672,1
162673,3
162674,3
162675,3
162676,0
162677,3
162678,0
162679,0
162680,0
162681,0
162682,1
162683,1
162684,3
162685,0
162686,0
162687,0
162688,0
162689,0
162690,0
162691,1
162692,1
162693,1
162694,0
162695,0
162696,0
162697,0
162698,0
162699,0
162700,0
162701,0
162702,0
162703,0
162704,0
162705,2
162706,2
162707,2
162708,0
162709,2
162710,0
162711,0
162712,0
162713,0
162714,0
162715,0
162716,0
162717,0
162718,2
162719,0
162720,0
162721,0
162722,1
162723,0
162724,0
162725,1
162726,1
162727,1
162728,1
162729,1
162730,1
162731,1
162732,1
162733,1
162734,0
162735,0
162736,1
162737,0
162738,0
162739,0
162740,1
162741,1
162742,1
162743,0
162744,0
162745,0
162746,0
162747,0
162748,0
162749,1
162750,1
162751,0
162752,0
162753,0
162754,0
162755,0
162756,0
162757,1
162758,0
162759,0
162760,0
162761,0
162762,0
162763,0
162764,0
162765,0
162766,0
162767,1
162768,0
162769,0
162770,0
162771,0
162772,0
162773,0
162774,0
162775,1
162776,0
162777,1
162778,1
162779,1
162780,1
162781,1
162782,1
162783,1
162784,0
162785,1
162786,1
162787,1
162788,0
162789,1
162790,0
162791,1
162792,1
162793,1
162794,1
162795,1
162796,1
162797,1
162798,1
162799,1
162800,1
162801,1
162802,1
162803,1
162804,1
162805,1
162806,1
162807,1
162808,1
162809,1
162810,1
162811,1
162812,1
162813,1
162814,1
162815,0
162816,0
162817,0
162818,0
162819,0
162820,0
162821,0
162822,0
162823,0
162824,0
162825,0
162826,0
162827,0
162828,0
162829,0
162830,1
162831,2
162832,2
162833,0
162834,2
162835,0
162836,2
162837,0
162838,0
162839,0
162840,0
162841,0
162842,0
162843,0
162844,0
162845,0
162846,0
162847,0
162848,0
162849,0
162850,0
162851,0
162852,0
162853,0
162854,0
162855,0
162856,0
162857,0
162858,0
162859,1
162860,1
162861,0
162862,0
162863,0
162864,0
162865,1
162866,1
162867,0
162868,0
162869,0
162870,0
162871,0
162872,0
162873,0
162874,2
162875,1
162876,2
162877,2
162878,0
162879,0
162880,0
162881,0
162882,0
162883,0
162884,0
162885,0
162886,2
162887,0
162888,0
162889,0
162890,0
162891,1
162892,1
162893,1
162894,1
162895,0
162896,0
162897,0
162898,0
162899,0
162900,0
162901,0
162902,0
162903,0
162904,0
162905,0
162906,1
162907,0
162908,0
162909,0
162910,0
162911,0
162912,0
162913,0
162914,0
162915,0
162916,0
162917,0
162918,0
162919,0
162920,3
162921,1
162922,1
162923,1
162924,1
162925,1
162926,0
162927,1
162928,3
162929,1
162930,1
162931,0
162932,0
162933,0
162934,0
162935,0
162936,0
162937,1
162938,0
162939,0
162940,0
162941,0
162942,0
162943,0
162944,1
162945,0
162946,0
162947,0
162948,0
162949,0
162950,0
162951,0
162952,0
162953,0
162954,0
162955,0
162956,0
162957,0
162958,0
162959,1
162960,1
162961,1
162962,0
162963,0
162964,1
162965,2
162966,0
162967,0
162968,0
162969,0
162970,0
162971,0
162972,0
162973,0
162974,0
162975,0
162976,0
162977,0
162978,0
162979,0
162980,0
162981,0
162982,0
162983,0
162984,0
162985,0
162986,0
162987,2
162988,0
162989,0
162990,0
162991,0
162992,2
162993,2
162994,0
162995,0
162996,0
162997,0
162998,0
162999,0
163000,0
163001,0
163002,0
163003,0
163004,0
163005,0
163006,0
163007,0
163008,0
163009,0
163010,0
163011,0
163012,0
163013,0
163014,2
163015,2
163016,0
163017,0
163018,0
163019,0
163020,0
163021,0
163022,0
163023,2
163024,2
163025,2
163026,2
163027,0
163028,0
163029,0
163030,0
163031,0
163032,0
163033,2
163034,0
163035,0
163036,0
163037,0
163038,0
163039,0
163040,0
163041,0
163042,0
163043,1
163044,1
163045,1
163046,2
163047,0
163048,1
163049,1
163050,1
163051,1
163052,0
163053,0
163054,1
163055,1
163056,0
163057,0
163058,0
163059,0
163060,0
163061,0
163062,1
163063,1
163064,1
163065,0
163066,3
163067,1
163068,1
163069,1
163070,1
163071,1
163072,0
163073,2
163074,0
163075,0
163076,1
163077,0
163078,0
163079,1
163080,1
163081,0
163082,0
163083,0
163084,0
163085,0
163086,0
163087,0
163088,0
163089,0
163090,0
163091,0
163092,1
163093,0
163094,1
163095,0
163096,0
163097,0
163098,0
163099,0
163100,0
163101,1
163102,1
163103,1
163104,1
163105,0
163106,0
163107,0
163108,0
163109,0
163110,0
163111,0
163112,0
163113,0
163114,0
163115,0
163116,0
163117,0
163118,0
163119,0
163120,0
163121,0
163122,0
163123,0
163124,0
163125,0
163126,0
163127,0
163128,0
163129,0
163130,0
163131,0
163132,0
163133,0
163134,0
163135,0
163136,0
163137,0
163138,0
163139,0
163140,0
163141,1
163142,1
163143,0
163144,0
163145,2
163146,2
163147,2
163148,2
163149,0
163150,0
163151,0
163152,2
163153,2
163154,0
163155,2
163156,2
163157,0
163158,0
163159,0
163160,0
163161,0
163162,1
163163,1
163164,1
163165,1
163166,3
163167,0
163168,0
163169,0
163170,0
163171,0
163172,2
163173,2
163174,0
163175,0
163176,0
163177,0
163178,0
163179,0
163180,0
163181,0
163182,0
163183,0
163184,0
163185,2
163186,2
163187,0
163188,0
163189,0
163190,0
163191,0
163192,1
163193,0
163194,1
163195,1
163196,1
163197,1
163198,0
163199,0
163200,0
163201,0
163202,0
163203,0
163204,1
163205,1
163206,0
163207,1
163208,0
163209,0
163210,0
163211,1
163212,1
163213,0
163214,0
163215,0
163216,0
163217,0
163218,0
163219,0
163220,0
163221,0
163222,0
163223,0
163224,0
163225,0
163226,0
163227,1
163228,1
163229,0
163230,1
163231,1
163232,1
163233,1
163234,1
163235,0
163236,0
163237,0
163238,0
163239,0
163240,0
163241,0
163242,0
163243,0
163244,0
163245,0
163246,0
163247,0
163248,0
163249,0
163250,0
163251,0
163252,0
163253,0
163254,0
163255,0
163256,0
163257,0
163258,0
163259,0
163260,0
163261,0
163262,0
163263,0
163264,0
163265,0
163266,0
163267,0
163268,0
163269,1
163270,1
163271,1
163272,1
163273,1
163274,1
163275,0
163276,0
163277,1
163278,1
163279,0
163280,1
163281,1
163282,1
163283,1
163284,1
163285,1
163286,0
163287,0
163288,0
163289,0
163290,0
163291,1
163292,0
163293,1
163294,0
163295,0
163296,1
163297,1
163298,0
163299,0
163300,0
163301,1
163302,1
163303,1
163304,1
163305,1
163306,0
163307,0
163308,0
163309,0
163310,0
163311,3
163312,1
163313,1
163314,0
163315,0
163316,1
163317,1
163318,1
163319,0
163320,0
163321,0
163322,0
163323,0
163324,1
163325,1
163326,0
163327,0
163328,0
163329,1
163330,1
163331,1
163332,0
163333,0
163334,1
163335,1
163336,1
163337,1
163338,1
163339,1
163340,0
163341,1
163342,1
163343,1
163344,1
163345,0
163346,0
163347,0
163348,0
163349,1
163350,0
163351,0
163352,0
163353,0
163354,1
163355,0
163356,1
163357,0
163358,0
163359,1
163360,0
163361,0
163362,0
163363,0
163364,0
163365,0
163366,1
163367,0
163368,0
163369,0
163370,1
163371,1
163372,0
163373,0
163374,0
163375,0
163376,0
163377,0
163378,0
163379,0
163380,0
163381,1
163382,0
163383,0
163384,0
163385,0
163386,0
163387,0
163388,0
163389,0
163390,0
163391,0
163392,0
163393,0
163394,0
163395,0
163396,0
163397,0
163398,4
163399,2
163400,0
163401,4
163402,2
163403,0
163404,0
163405,0
163406,1
163407,1
163408,0
163409,1
163410,1
163411,1
163412,0
163413,1
163414,1
163415,0
163416,0
163417,0
163418,1
163419,0
163420,0
163421,0
163422,0
163423,0
163424,0
163425,0
163426,0
163427,0
163428,0
163429,0
163430,0
163431,0
163432,0
163433,0
163434,0
163435,0
163436,0
163437,0
163438,0
163439,0
163440,0
163441,0
163442,0
163443,0
163444,0
163445,0
163446,0
163447,0
163448,0
163449,0
163450,0
163451,0
163452,0
163453,0
163454,1
163455,0
163456,0
163457,0
163458,1
163459,1
163460,0
163461,1
163462,1
163463,0
163464,1
163465,2
163466,2
163467,1
163468,1
163469,1
163470,0
163471,0
163472,0
163473,0
163474,0
163475,0
163476,2
163477,2
163478,2
163479,0
163480,0
163481,2
163482,2
163483,2
163484,0
163485,2
163486,0
163487,2
163488,0
163489,0
163490,2
163491,4
163492,2
163493,0
163494,0
163495,0
163496,0
163497,0
163498,0
163499,0
163500,0
163501,0
163502,0
163503,0
163504,0
163505,0
163506,0
163507,0
163508,0
163509,0
163510,0
163511,0
163512,0
163513,0
163514,0
163515,0
163516,0
163517,0
163518,0
163519,0
163520,0
163521,0
163522,0
163523,0
163524,0
163525,0
163526,0
163527,0
163528,0
163529,0
163530,0
163531,0
163532,0
163533,0
163534,0
163535,0
163536,0
163537,0
163538,0
163539,0
163540,0
163541,0
163542,0
163543,0
163544,0
163545,0
163546,0
163547,1
163548,1
163549,1
163550,1
163551,1
163552,1
163553,3
163554,0
163555,0
163556,0
163557,0
163558,0
163559,0
163560,0
163561,1
163562,0
163563,0
163564,0
163565,0
163566,1
163567,0
163568,0
163569,0
163570,0
163571,0
163572,0
163573,0
163574,0
163575,0
163576,0
163577,0
163578,0
163579,0
163580,0
163581,0
163582,0
163583,1
163584,1
163585,1
163586,0
163587,0
163588,2
163589,2
163590,2
163591,2
163592,2
163593,0
163594,0
163595,0
163596,0
163597,0
163598,0
163599,0
163600,0
163601,0
163602,0
163603,2
163604,1
163605,1
163606,0
163607,1
163608,0
163609,0
163610,0
163611,1
163612,1
163613,1
163614,1
163615,0
163616,3
163617,3
163618,0
163619,0
163620,1
163621,0
163622,0
163623,0
163624,0
163625,2
163626,0
163627,0
163628,0
163629,0
163630,0
163631,0
163632,1
163633,0
163634,0
163635,1
163636,0
163637,0
163638,0
163639,0
163640,0
163641,0
163642,0
163643,0
163644,0
163645,0
163646,0
163647,1
163648,3
163649,1
163650,0
163651,1
163652,1
163653,1
163654,1
163655,1
163656,1
163657,0
163658,1
163659,1
163660,0
163661,0
163662,0
163663,0
163664,0
163665,0
163666,1
163667,0
163668,1
163669,0
163670,0
163671,0
163672,0
163673,0
163674,0
163675,0
163676,0
163677,0
163678,0
163679,0
163680,0
163681,0
163682,0
163683,0
163684,0
163685,0
163686,0
163687,0
163688,0
163689,0
163690,0
163691,0
163692,0
163693,0
163694,0
163695,0
163696,4
163697,2
163698,0
163699,0
163700,0
163701,0
163702,2
163703,0
163704,0
163705,0
163706,0
163707,0
163708,0
163709,0
163710,0
163711,0
163712,0
163713,0
163714,0
163715,0
163716,0
163717,0
163718,0
163719,0
163720,2
163721,2
163722,0
163723,0
163724,0
163725,2
163726,2
163727,2
163728,2
163729,2
163730,0
163731,2
163732,0
163733,0
163734,0
163735,0
163736,0
163737,0
163738,0
163739,0
163740,0
163741,0
163742,0
163743,0
163744,0
163745,0
163746,0
163747,0
163748,0
163749,0
163750,0
163751,0
163752,0
163753,0
163754,0
163755,0
163756,2
163757,4
163758,2
163759,2
163760,0
163761,1
163762,0
163763,2
163764,0
163765,0
163766,2
163767,2
163768,0
163769,1
163770,0
163771,0
163772,0
163773,0
163774,0
163775,0
163776,0
163777,1
163778,0
163779,0
163780,0
163781,0
163782,0
163783,0
163784,0
163785,0
163786,0
163787,0
163788,0
163789,2
163790,0
163791,0
163792,0
163793,0
163794,0
163795,0
163796,0
163797,0
163798,0
163799,0
163800,0
163801,0
163802,0
163803,0
163804,0
163805,0
163806,0
163807,0
163808,0
163809,0
163810,0
163811,0
163812,0
163813,1
163814,0
163815,0
163816,0
163817,0
163818,0
163819,0
163820,0
163821,0
163822,0
163823,2
163824,2
163825,2
163826,0
163827,0
163828,0
163829,2
163830,2
163831,1
163832,0
163833,2
163834,2
163835,2
163836,2
163837,2
163838,2
163839,0
163840,0
163841,2
163842,0
163843,0
163844,0
163845,0
163846,0
163847,0
163848,0
163849,4
163850,4
163851,0
163852,0
163853,2
163854,4
163855,2
163856,2
163857,2
163858,0
163859,0
163860,2
163861,4
163862,0
163863,4
163864,2
163865,2
163866,2
163867,4
163868,4
163869,2
163870,0
163871,0
163872,0
163873,0
163874,0
163875,0
163876,0
163877,0
163878,0
163879,1
163880,1
163881,0
163882,0
163883,0
163884,0
163885,0
163886,0
163887,0
163888,0
163889,0
163890,0
163891,0
163892,0
163893,0
163894,0
163895,0
163896,0
163897,0
163898,0
163899,0
163900,0
163901,0
163902,3
163903,1
163904,0
163905,1
163906,0
163907,0
163908,1
163909,1
163910,1
163911,1
163912,1
163913,1
163914,0
163915,0
163916,0
163917,0
163918,0
163919,0
163920,1
163921,1
163922,0
163923,0
163924,0
163925,0
163926,0
163927,0
163928,0
163929,0
163930,0
163931,0
163932,0
163933,0
163934,0
163935,0
163936,0
163937,0
163938,0
163939,0
163940,0
163941,0
163942,0
163943,0
163944,0
163945,0
163946,2
163947,2
163948,0
163949,2
163950,0
163951,0
163952,0
163953,0
163954,0
163955,0
163956,0
163957,0
163958,0
163959,0
163960,0
163961,0
163962,0
163963,0
163964,0
163965,0
163966,0
163967,0
163968,0
163969,0
163970,0
163971,0
163972,0
163973,0
163974,0
163975,0
163976,0
163977,0
163978,0
163979,0
163980,0
163981,0
163982,0
163983,0
163984,0
163985,0
163986,0
163987,0
163988,0
163989,0
163990,0
163991,0
163992,0
163993,0
163994,0
163995,0
163996,0
163997,0
163998,0
163999,0
164000,0
164001,0
164002,0
164003,0
164004,0
164005,0
164006,0
164007,0
164008,1
164009,1
164010,0
164011,1
164012,1
164013,0
164014,2
164015,0
164016,0
164017,0
164018,0
164019,0
164020,0
164021,0
164022,0
164023,0
164024,0
164025,0
164026,0
164027,0
164028,0
164029,0
164030,0
164031,0
164032,0
164033,0
164034,1
164035,0
164036,0
164037,0
164038,0
164039,0
164040,0
164041,0
164042,0
164043,0
164044,0
164045,0
164046,1
164047,1
164048,1
164049,1
164050,1
164051,0
164052,0
164053,2
164054,0
164055,0
164056,0
164057,0
164058,0
164059,0
164060,0
164061,0
164062,0
164063,0
164064,0
164065,0
164066,0
164067,0
164068,0
164069,1
164070,1
164071,2
164072,0
164073,1
164074,1
164075,1
164076,1
164077,1
164078,1
164079,0
164080,0
164081,0
164082,0
164083,0
164084,0
164085,0
164086,0
164087,0
164088,0
164089,0
164090,0
164091,0
164092,0
164093,0
164094,0
164095,0
164096,0
164097,0
164098,0
164099,0
164100,0
164101,0
164102,0
164103,0
164104,3
164105,3
164106,1
164107,0
164108,1
164109,1
164110,0
164111,1
164112,1
164113,1
164114,1
164115,1
164116,1
164117,3
164118,1
164119,1
164120,1
164121,0
164122,1
164123,1
164124,0
164125,0
164126,0
164127,1
164128,0
164129,2
164130,2
164131,2
164132,2
164133,0
164134,0
164135,0
164136,0
164137,0
164138,0
164139,0
164140,0
164141,0
164142,0
164143,0
164144,0
164145,0
164146,0
164147,0
164148,0
164149,0
164150,0
164151,0
164152,0
164153,0
164154,0
164155,0
164156,0
164157,0
164158,0
164159,0
164160,0
164161,0
164162,0
164163,0
164164,0
164165,0
164166,0
164167,0
164168,0
164169,0
164170,0
164171,0
164172,0
164173,0
164174,0
164175,0
164176,0
164177,0
164178,0
164179,0
164180,0
164181,0
164182,0
164183,1
164184,1
164185,1
164186,0
164187,0
164188,0
164189,0
164190,0
164191,0
164192,0
164193,1
164194,0
164195,0
164196,0
164197,1
164198,0
164199,0
164200,0
164201,0
164202,0
164203,0
164204,0
164205,0
164206,0
164207,1
164208,1
164209,1
164210,1
164211,0
164212,0
164213,1
164214,1
164215,0
164216,0
164217,1
164218,1
164219,1
164220,3
164221,1
164222,1
164223,0
164224,0
164225,0
164226,0
164227,0
164228,0
164229,0
164230,0
164231,0
164232,0
164233,0
164234,0
164235,0
164236,0
164237,0
164238,0
164239,0
164240,0
164241,0
164242,0
164243,0
164244,0
164245,0
164246,0
164247,2
164248,2
164249,2
164250,0
164251,0
164252,0
164253,2
164254,2
164255,2
164256,2
164257,0
164258,2
164259,2
164260,0
164261,0
164262,0
164263,0
164264,0
164265,1
164266,2
164267,2
164268,2
164269,2
164270,0
164271,0
164272,0
164273,0
164274,0
164275,2
164276,0
164277,2
164278,2
164279,0
164280,2
164281,2
164282,0
164283,0
164284,0
164285,0
164286,0
164287,0
164288,0
164289,0
164290,0
164291,0
164292,0
164293,0
164294,0
164295,0
164296,0
164297,0
164298,0
164299,0
164300,0
164301,0
164302,1
164303,0
164304,0
164305,0
164306,0
164307,0
164308,0
164309,0
164310,0
164311,0
164312,2
164313,0
164314,0
164315,0
164316,0
164317,1
164318,1
164319,0
164320,0
164321,0
164322,0
164323,1
164324,0
164325,0
164326,0
164327,0
164328,0
164329,0
164330,0
164331,0
164332,0
164333,1
164334,0
164335,0
164336,1
164337,2
164338,2
164339,0
164340,0
164341,0
164342,0
164343,0
164344,0
164345,0
164346,0
164347,0
164348,0
164349,0
164350,0
164351,0
164352,0
164353,0
164354,2
164355,0
164356,0
164357,0
164358,0
164359,0
164360,0
164361,4
164362,1
164363,1
164364,0
164365,0
164366,0
164367,1
164368,0
164369,0
164370,0
164371,1
164372,0
164373,0
164374,0
164375,1
164376,0
164377,0
164378,0
164379,2
164380,0
164381,0
164382,0
164383,0
164384,0
164385,0
164386,0
164387,0
164388,0
164389,0
164390,0
164391,0
164392,0
164393,0
164394,0
164395,0
164396,0
164397,0
164398,2
164399,2
164400,2
164401,2
164402,2
164403,2
164404,2
164405,4
164406,1
164407,1
164408,3
164409,3
164410,1
164411,3
164412,3
164413,0
164414,3
164415,3
164416,3
164417,1
164418,1
164419,0
164420,0
164421,1
164422,2
164423,0
164424,1
164425,1
164426,0
164427,0
164428,0
164429,0
164430,0
164431,0
164432,0
164433,0
164434,1
164435,0
164436,0
164437,1
164438,1
164439,1
164440,0
164441,0
164442,0
164443,0
164444,0
164445,0
164446,1
164447,1
164448,1
164449,1
164450,1
164451,1
164452,1
164453,1
164454,1
164455,1
164456,0
164457,0
164458,0
164459,0
164460,0
164461,2
164462,0
164463,0
164464,1
164465,0
164466,0
164467,1
164468,0
164469,0
164470,0
164471,0
164472,0
164473,0
164474,0
164475,0
164476,0
164477,0
164478,0
164479,0
164480,0
164481,0
164482,0
164483,0
164484,0
164485,0
164486,0
164487,0
164488,0
164489,0
164490,0
164491,0
164492,0
164493,0
164494,0
164495,0
164496,0
164497,0
164498,0
164499,0
164500,0
164501,0
164502,0
164503,0
164504,0
164505,0
164506,0
164507,0
164508,0
164509,0
164510,0
164511,0
164512,1
164513,1
164514,0
164515,0
164516,0
164517,1
164518,1
164519,1
164520,0
164521,0
164522,0
164523,0
164524,0
164525,0
164526,0
164527,0
164528,0
164529,0
164530,0
164531,0
164532,0
164533,0
164534,0
164535,2
164536,2
164537,0
164538,0
164539,0
164540,0
164541,0
164542,0
164543,0
164544,0
164545,0
164546,0
164547,0
164548,0
164549,0
164550,0
164551,1
164552,1
164553,1
164554,1
164555,1
164556,1
164557,0
164558,0
164559,0
164560,0
164561,0
164562,0
164563,0
164564,0
164565,0
164566,0
164567,0
164568,0
164569,0
164570,0
164571,0
164572,0
164573,0
164574,0
164575,0
164576,0
164577,0
164578,0
164579,0
164580,0
164581,0
164582,0
164583,0
164584,0
164585,0
164586,0
164587,0
164588,0
164589,0
164590,0
164591,0
164592,0
164593,0
164594,0
164595,0
164596,0
164597,0
164598,1
164599,1
164600,1
164601,1
164602,0
164603,1
164604,1
164605,1
164606,1
164607,0
164608,0
164609,0
164610,0
164611,0
164612,0
164613,0
164614,0
164615,0
164616,0
164617,0
164618,0
164619,0
164620,0
164621,0
164622,0
164623,0
164624,0
164625,0
164626,0
164627,0
164628,0
164629,0
164630,0
164631,0
164632,0
164633,0
164634,1
164635,1
164636,1
164637,0
164638,0
164639,1
164640,0
164641,1
164642,1
164643,1
164644,1
164645,0
164646,0
164647,1
164648,2
164649,0
164650,2
164651,2
164652,2
164653,2
164654,2
164655,0
164656,0
164657,0
164658,0
164659,0
164660,0
164661,0
164662,0
164663,0
164664,0
164665,0
164666,0
164667,2
164668,2
164669,0
164670,0
164671,0
164672,2
164673,2
164674,0
164675,0
164676,0
164677,0
164678,0
164679,1
164680,1
164681,1
164682,0
164683,0
164684,2
164685,2
164686,0
164687,2
164688,2
164689,2
164690,0
164691,0
164692,0
164693,0
164694,0
164695,0
164696,0
164697,0
164698,0
164699,0
164700,2
164701,0
164702,0
164703,0
164704,0
164705,0
164706,0
164707,0
164708,0
164709,1
164710,0
164711,0
164712,0
164713,0
164714,1
164715,1
164716,1
164717,1
164718,1
164719,3
164720,0
164721,0
164722,0
164723,0
164724,0
164725,0
164726,0
164727,0
164728,0
164729,0
164730,2
164731,2
164732,0
164733,0
164734,0
164735,0
164736,0
164737,0
164738,0
164739,2
164740,2
164741,1
164742,1
164743,0
164744,0
164745,1
164746,0
164747,1
164748,1
164749,0
164750,0
164751,0
164752,0
164753,0
164754,0
164755,0
164756,0
164757,0
164758,1
164759,1
164760,1
164761,0
164762,0
164763,0
164764,0
164765,0
164766,0
164767,0
164768,0
164769,0
164770,0
164771,0
164772,0
164773,1
164774,1
164775,1
164776,1
164777,1
164778,0
164779,1
164780,1
164781,0
164782,0
164783,0
164784,2
164785,0
164786,0
164787,0
164788,0
164789,0
164790,0
164791,0
164792,2
164793,1
164794,1
164795,0
164796,0
164797,0
164798,0
164799,2
164800,2
164801,0
164802,1
164803,0
164804,1
164805,0
164806,0
164807,0
164808,0
164809,0
164810,0
164811,0
164812,0
164813,0
164814,0
164815,0
164816,0
164817,0
164818,0
164819,0
164820,0
164821,0
164822,0
164823,1
164824,3
164825,3
164826,0
164827,1
164828,1
164829,0
164830,0
164831,0
164832,1
164833,3
164834,1
164835,0
164836,0
164837,0
164838,0
164839,0
164840,0
164841,0
164842,2
164843,2
164844,0
164845,0
164846,0
164847,0
164848,0
164849,0
164850,0
164851,0
164852,0
164853,0
164854,0
164855,0
164856,0
164857,0
164858,1
164859,0
164860,0
164861,0
164862,1
164863,1
164864,1
164865,1
164866,1
164867,1
164868,1
164869,0
164870,1
164871,0
164872,0
164873,0
164874,0
164875,0
164876,0
164877,0
164878,0
164879,0
164880,0
164881,0
164882,0
164883,0
164884,1
164885,1
164886,0
164887,0
164888,2
164889,2
164890,2
164891,2
164892,2
164893,0
164894,0
164895,0
164896,0
164897,0
164898,0
164899,0
164900,0
164901,2
164902,0
164903,0
164904,0
164905,2
164906,0
164907,0
164908,0
164909,0
164910,0
164911,0
164912,0
164913,0
164914,2
164915,0
164916,1
164917,1
164918,1
164919,2
164920,2
164921,2
164922,2
164923,2
164924,2
164925,2
164926,0
164927,0
164928,0
164929,0
164930,0
164931,0
164932,0
164933,0
164934,0
164935,1
164936,1
164937,0
164938,0
164939,0
164940,0
164941,0
164942,0
164943,0
164944,0
164945,0
164946,1
164947,1
164948,1
164949,1
164950,1
164951,1
164952,0
164953,0
164954,0
164955,1
164956,1
164957,1
164958,1
164959,0
164960,0
164961,0
164962,0
164963,0
164964,0
164965,0
164966,0
164967,0
164968,0
164969,0
164970,0
164971,0
164972,0
164973,0
164974,0
164975,0
164976,0
164977,0
164978,0
164979,0
164980,0
164981,0
164982,0
164983,0
164984,0
164985,1
164986,1
164987,1
164988,1
164989,0
164990,1
164991,0
164992,0
164993,0
164994,0
164995,0
164996,0
164997,0
164998,0
164999,0
165000,4
165001,4
165002,4
165003,2
165004,2
165005,0
165006,0
165007,2
165008,2
165009,4
165010,2
165011,2
165012,0
165013,0
165014,0
165015,0
165016,0
165017,0
165018,0
165019,0
165020,0
165021,0
165022,0
165023,0
165024,0
165025,4
165026,4
165027,2
165028,2
165029,0
165030,0
165031,2
165032,0
165033,0
165034,0
165035,0
165036,0
165037,0
165038,0
165039,0
165040,0
165041,0
165042,0
165043,0
165044,2
165045,2
165046,0
165047,0
165048,2
165049,0
165050,0
165051,0
165052,0
165053,1
165054,0
165055,1
165056,0
165057,0
165058,0
165059,2
165060,0
165061,0
165062,0
165063,0
165064,0
165065,0
165066,2
165067,2
165068,2
165069,0
165070,0
165071,0
165072,0
165073,0
165074,1
165075,1
165076,1
165077,0
165078,0
165079,0
165080,1
165081,0
165082,2
165083,2
165084,0
165085,0
165086,0
165087,0
165088,0
165089,0
165090,0
165091,0
165092,0
165093,0
165094,0
165095,0
165096,0
165097,0
165098,0
165099,0
165100,0
165101,0
165102,2
165103,2
165104,2
165105,0
165106,0
165107,0
165108,0
165109,0
165110,0
165111,0
165112,0
165113,0
165114,0
165115,0
165116,0
165117,0
165118,1
165119,0
165120,0
165121,1
165122,1
165123,0
165124,0
165125,0
165126,0
165127,0
165128,0
165129,0
165130,0
165131,0
165132,0
165133,0
165134,0
165135,0
165136,0
165137,0
165138,1
165139,1
165140,1
165141,0
165142,0
165143,0
165144,0
165145,0
165146,3
165147,1
165148,1
165149,1
165150,1
165151,1
165152,0
165153,1
165154,0
165155,0
165156,0
165157,0
165158,1
165159,1
165160,1
165161,1
165162,0
165163,0
165164,0
165165,0
165166,0
165167,0
165168,0
165169,1
165170,0
165171,0
165172,0
165173,1
165174,1
165175,1
165176,1
165177,0
165178,1
165179,1
165180,0
165181,0
165182,0
165183,0
165184,0
165185,0
165186,0
165187,0
165188,0
165189,0
165190,1
165191,1
165192,1
165193,1
165194,1
165195,0
165196,1
165197,1
165198,1
165199,0
165200,1
165201,1
165202,1
165203,0
165204,0
165205,0
165206,0
165207,0
165208,0
165209,0
165210,0
165211,0
165212,0
165213,0
165214,0
165215,0
165216,1
165217,1
165218,1
165219,1
165220,1
165221,0
165222,0
165223,0
165224,0
165225,0
165226,0
165227,0
165228,0
165229,1
165230,1
165231,2
165232,0
165233,0
165234,0
165235,0
165236,0
165237,0
165238,2
165239,2
165240,0
165241,0
165242,0
165243,0
165244,0
165245,0
165246,0
165247,0
165248,0
165249,0
165250,0
165251,0
165252,0
165253,0
165254,0
165255,0
165256,0
165257,0
165258,0
165259,0
165260,0
165261,1
165262,1
165263,2
165264,2
165265,1
165266,1
165267,0
165268,1
165269,1
165270,0
165271,1
165272,2
165273,0
165274,2
165275,2
165276,0
165277,0
165278,0
165279,2
165280,2
165281,2
165282,2
165283,2
165284,1
165285,0
165286,0
165287,0
165288,0
165289,0
165290,0
165291,0
165292,0
165293,0
165294,0
165295,0
165296,0
165297,2
165298,0
165299,0
165300,0
165301,0
165302,0
165303,0
165304,0
165305,0
165306,0
165307,0
165308,0
165309,0
165310,0
165311,0
165312,0
165313,0
165314,0
165315,0
165316,0
165317,0
165318,0
165319,0
165320,0
165321,0
165322,2
165323,2
165324,2
165325,2
165326,0
165327,0
165328,0
165329,0
165330,0
165331,2
165332,0
165333,0
165334,2
165335,0
165336,0
165337,2
165338,2
165339,1
165340,0
165341,2
165342,0
165343,1
165344,0
165345,0
165346,0
165347,0
165348,0
165349,0
165350,0
165351,0
165352,0
165353,0
165354,0
165355,0
165356,0
165357,0
165358,0
165359,0
165360,0
165361,1
165362,1
165363,1
165364,1
165365,1
165366,0
165367,1
165368,1
165369,2
165370,1
165371,1
165372,2
165373,0
165374,0
165375,0
165376,1
165377,3
165378,3
165379,2
165380,2
165381,0
165382,2
165383,0
165384,0
165385,2
165386,2
165387,0
165388,2
165389,0
165390,2
165391,2
165392,0
165393,0
165394,0
165395,0
165396,0
165397,2
165398,0
165399,0
165400,0
165401,0
165402,0
165403,0
165404,0
165405,0
165406,0
165407,2
165408,0
165409,0
165410,0
165411,0
165412,0
165413,0
165414,0
165415,0
165416,0
165417,0
165418,0
165419,0
165420,0
165421,0
165422,1
165423,0
165424,0
165425,0
165426,0
165427,0
165428,0
165429,1
165430,1
165431,0
165432,0
165433,2
165434,0
165435,2
165436,0
165437,0
165438,0
165439,0
165440,0
165441,0
165442,2
165443,2
165444,0
165445,0
165446,0
165447,0
165448,0
165449,0
165450,0
165451,0
165452,0
165453,0
165454,0
165455,0
165456,0
165457,0
165458,0
165459,0
165460,0
165461,0
165462,0
165463,0
165464,0
165465,0
165466,0
165467,0
165468,2
165469,0
165470,0
165471,0
165472,0
165473,0
165474,0
165475,0
165476,0
165477,0
165478,0
165479,0
165480,0
165481,0
165482,0
165483,0
165484,0
165485,0
165486,0
165487,0
165488,0
165489,0
165490,0
165491,0
165492,0
165493,0
165494,0
165495,0
165496,0
165497,0
165498,0
165499,0
165500,0
165501,0
165502,1
165503,0
165504,0
165505,0
165506,0
165507,0
165508,0
165509,1
165510,1
165511,1
165512,1
165513,0
165514,0
165515,0
165516,0
165517,0
165518,0
165519,0
165520,0
165521,0
165522,0
165523,0
165524,0
165525,0
165526,0
165527,0
165528,0
165529,0
165530,0
165531,0
165532,0
165533,0
165534,0
165535,0
165536,0
165537,2
165538,2
165539,2
165540,0
165541,2
165542,0
165543,0
165544,0
165545,0
165546,0
165547,0
165548,0
165549,0
165550,0
165551,0
165552,0
165553,0
165554,0
165555,0
165556,0
165557,0
165558,0
165559,0
165560,0
165561,0
165562,0
165563,0
165564,0
165565,0
165566,0
165567,0
165568,0
165569,0
165570,0
165571,0
165572,2
165573,2
165574,2
165575,2
165576,2
165577,1
165578,1
165579,0
165580,0
165581,0
165582,0
165583,2
165584,0
165585,1
165586,0
165587,1
165588,0
165589,2
165590,2
165591,0
165592,0
165593,2
165594,2
165595,0
165596,0
165597,0
165598,0
165599,0
165600,0
165601,0
165602,0
165603,0
165604,0
165605,0
165606,0
165607,0
165608,0
165609,2
165610,0
165611,0
165612,0
165613,0
165614,0
165615,0
165616,0
165617,0
165618,0
165619,0
165620,0
165621,0
165622,0
165623,0
165624,2
165625,2
165626,2
165627,0
165628,0
165629,2
165630,0
165631,0
165632,2
165633,0
165634,0
165635,0
165636,0
165637,0
165638,0
165639,0
165640,0
165641,0
165642,0
165643,0
165644,0
165645,0
165646,0
165647,0
165648,0
165649,0
165650,0
165651,1
165652,1
165653,0
165654,0
165655,0
165656,0
165657,0
165658,0
165659,0
165660,0
165661,0
165662,0
165663,0
165664,0
165665,0
165666,0
165667,0
165668,0
165669,0
165670,0
165671,1
165672,1
165673,0
165674,0
165675,1
165676,1
165677,1
165678,1
165679,1
165680,1
165681,1
165682,1
165683,0
165684,1
165685,0
165686,0
165687,0
165688,0
165689,0
165690,0
165691,0
165692,0
165693,0
165694,1
165695,1
165696,1
165697,1
165698,1
165699,1
165700,0
165701,0
165702,0
165703,0
165704,0
165705,0
165706,0
165707,0
165708,1
165709,1
165710,0
165711,0
165712,0
165713,0
165714,0
165715,0
165716,0
165717,0
165718,0
165719,0
165720,0
165721,0
165722,0
165723,0
165724,0
165725,0
165726,0
165727,0
165728,0
165729,0
165730,0
165731,0
165732,0
165733,0
165734,0
165735,0
165736,0
165737,0
165738,0
165739,0
165740,0
165741,0
165742,0
165743,0
165744,0
165745,2
165746,0
165747,0
165748,0
165749,0
165750,0
165751,0
165752,0
165753,0
165754,1
165755,1
165756,1
165757,1
165758,0
165759,0
165760,0
165761,1
165762,0
165763,1
165764,1
165765,0
165766,0
165767,0
165768,1
165769,0
165770,1
165771,1
165772,1
165773,1
165774,1
165775,0
165776,0
165777,0
165778,1
165779,0
165780,0
165781,0
165782,0
165783,1
165784,1
165785,0
165786,0
165787,0
165788,1
165789,1
165790,0
165791,0
165792,0
165793,0
165794,0
165795,0
165796,0
165797,0
165798,0
165799,0
165800,0
165801,0
165802,0
165803,0
165804,0
165805,0
165806,0
165807,0
165808,0
165809,0
165810,0
165811,0
165812,0
165813,0
165814,0
165815,0
165816,0
165817,0
165818,0
165819,0
165820,0
165821,1
165822,0
165823,0
165824,0
165825,0
165826,2
165827,0
165828,0
165829,0
165830,0
165831,0
165832,0
165833,0
165834,0
165835,1
165836,1
165837,0
165838,0
165839,0
165840,0
165841,0
165842,0
165843,0
165844,0
165845,1
165846,1
165847,1
165848,0
165849,1
165850,0
165851,0
165852,0
165853,0
165854,0
165855,1
165856,1
165857,1
165858,0
165859,1
165860,1
165861,0
165862,1
165863,0
165864,0
165865,0
165866,0
165867,0
165868,0
165869,0
165870,0
165871,0
165872,0
165873,0
165874,1
165875,1
165876,0
165877,0
165878,2
165879,2
165880,2
165881,0
165882,0
165883,0
165884,0
165885,0
165886,2
165887,0
165888,0
165889,1
165890,2
165891,0
165892,0
165893,0
165894,0
165895,0
165896,0
165897,0
165898,0
165899,0
165900,0
165901,0
165902,0
165903,0
165904,0
165905,1
165906,0
165907,0
165908,0
165909,0
165910,0
165911,0
165912,0
165913,0
165914,0
165915,0
165916,0
165917,0
165918,0
165919,0
165920,0
165921,0
165922,0
165923,0
165924,0
165925,0
165926,0
165927,0
165928,0
165929,0
165930,0
165931,0
165932,0
165933,0
165934,0
165935,0
165936,0
165937,0
165938,0
165939,0
165940,1
165941,0
165942,0
165943,0
165944,1
165945,0
165946,0
165947,0
165948,1
165949,1
165950,0
165951,1
165952,1
165953,1
165954,1
165955,0
165956,0
165957,1
165958,0
165959,0
165960,0
165961,0
165962,0
165963,0
165964,0
165965,1
165966,0
165967,0
165968,0
165969,0
165970,0
165971,0
165972,0
165973,0
165974,1
165975,0
165976,0
165977,0
165978,0
165979,0
165980,0
165981,0
165982,0
165983,0
165984,0
165985,0
165986,0
165987,0
165988,0
165989,0
165990,0
165991,0
165992,0
165993,0
165994,0
165995,0
165996,0
165997,4
165998,2
165999,2
166000,2
166001,0
166002,0
166003,0
166004,0
166005,0
166006,0
166007,0
166008,0
166009,0
166010,1
166011,1
166012,0
166013,0
166014,0
166015,0
166016,0
166017,2
166018,2
166019,0
166020,2
166021,0
166022,0
166023,0
166024,0
166025,0
166026,0
166027,0
166028,0
166029,0
166030,0
166031,1
166032,1
166033,0
166034,0
166035,0
166036,0
166037,1
166038,0
166039,0
166040,0
166041,1
166042,3
166043,1
166044,3
166045,1
166046,1
166047,1
166048,1
166049,1
166050,1
166051,0
166052,0
166053,0
166054,0
166055,0
166056,0
166057,0
166058,0
166059,0
166060,0
166061,0
166062,0
166063,2
166064,2
166065,2
166066,0
166067,0
166068,0
166069,0
166070,0
166071,0
166072,0
166073,0
166074,0
166075,0
166076,0
166077,0
166078,0
166079,0
166080,0
166081,0
166082,0
166083,0
166084,0
166085,1
166086,1
166087,1
166088,1
166089,0
166090,0
166091,1
166092,0
166093,1
166094,1
166095,0
166096,0
166097,0
166098,0
166099,0
166100,0
166101,0
166102,1
166103,1
166104,1
166105,1
166106,1
166107,1
166108,0
166109,0
166110,0
166111,0
166112,0
166113,0
166114,0
166115,0
166116,0
166117,1
166118,2
166119,0
166120,0
166121,0
166122,0
166123,0
166124,0
166125,0
166126,0
166127,0
166128,0
166129,4
166130,2
166131,4
166132,4
166133,0
166134,2
166135,0
166136,0
166137,2
166138,2
166139,2
166140,2
166141,0
166142,0
166143,0
166144,0
166145,0
166146,0
166147,0
166148,0
166149,1
166150,0
166151,0
166152,0
166153,1
166154,0
166155,0
166156,0
166157,0
166158,0
166159,0
166160,0
166161,0
166162,0
166163,0
166164,1
166165,0
166166,0
166167,0
166168,1
166169,0
166170,1
166171,1
166172,1
166173,1
166174,1
166175,1
166176,1
166177,0
166178,0
166179,0
166180,0
166181,1
166182,1
166183,0
166184,0
166185,0
166186,0
166187,0
166188,0
166189,0
166190,1
166191,0
166192,0
166193,0
166194,0
166195,0
166196,1
166197,0
166198,0
166199,1
166200,2
166201,1
166202,2
166203,0
166204,0
166205,0
166206,0
166207,0
166208,0
166209,0
166210,0
166211,0
166212,0
166213,0
166214,0
166215,0
166216,0
166217,0
166218,0
166219,0
166220,2
166221,0
166222,0
166223,0
166224,0
166225,0
166226,0
166227,0
166228,0
166229,0
166230,0
166231,0
166232,0
166233,0
166234,0
166235,0
166236,0
166237,0
166238,0
166239,0
166240,0
166241,0
166242,0
166243,0
166244,0
166245,0
166246,0
166247,0
166248,0
166249,0
166250,0
166251,0
166252,2
166253,0
166254,0
166255,0
166256,0
166257,2
166258,2
166259,0
166260,2
166261,0
166262,1
166263,1
166264,0
166265,0
166266,0
166267,0
166268,0
166269,1
166270,1
166271,0
166272,0
166273,0
166274,0
166275,0
166276,0
166277,2
166278,0
166279,0
166280,0
166281,0
166282,0
166283,0
166284,0
166285,0
166286,0
166287,0
166288,0
166289,0
166290,0
166291,0
166292,1
166293,1
166294,0
166295,0
166296,0
166297,0
166298,0
166299,0
166300,0
166301,0
166302,1
166303,1
166304,0
166305,1
166306,0
166307,0
166308,0
166309,0
166310,0
166311,0
166312,0
166313,0
166314,0
166315,0
166316,0
166317,0
166318,0
166319,0
166320,0
166321,2
166322,2
166323,2
166324,0
166325,2
166326,2
166327,0
166328,0
166329,0
166330,0
166331,0
166332,0
166333,0
166334,0
166335,0
166336,0
166337,0
166338,1
166339,1
166340,1
166341,1
166342,1
166343,0
166344,0
166345,0
166346,0
166347,0
166348,0
166349,0
166350,0
166351,0
166352,0
166353,0
166354,2
166355,2
166356,0
166357,2
166358,2
166359,0
166360,2
166361,0
166362,0
166363,0
166364,0
166365,0
166366,0
166367,0
166368,0
166369,0
166370,0
166371,0
166372,0
166373,1
166374,0
166375,0
166376,0
166377,0
166378,0
166379,0
166380,0
166381,0
166382,0
166383,1
166384,0
166385,0
166386,0
166387,0
166388,0
166389,1
166390,1
166391,1
166392,1
166393,0
166394,1
166395,0
166396,0
166397,0
166398,0
166399,0
166400,0
166401,0
166402,0
166403,0
166404,0
166405,0
166406,0
166407,0
166408,0
166409,2
166410,2
166411,2
166412,2
166413,0
166414,0
166415,0
166416,0
166417,0
166418,0
166419,1
166420,1
166421,0
166422,0
166423,0
166424,0
166425,1
166426,0
166427,0
166428,0
166429,0
166430,0
166431,0
166432,0
166433,0
166434,0
166435,0
166436,0
166437,0
166438,0
166439,0
166440,0
166441,0
166442,0
166443,0
166444,0
166445,0
166446,0
166447,0
166448,0
166449,0
166450,0
166451,0
166452,0
166453,1
166454,0
166455,0
166456,0
166457,0
166458,0
166459,0
166460,0
166461,0
166462,0
166463,0
166464,0
166465,0
166466,0
166467,0
166468,0
166469,0
166470,0
166471,0
166472,0
166473,0
166474,0
166475,0
166476,0
166477,0
166478,0
166479,0
166480,0
166481,0
166482,0
166483,0
166484,0
166485,0
166486,0
166487,0
166488,0
166489,0
166490,0
166491,0
166492,0
166493,0
166494,0
166495,0
166496,0
166497,0
166498,1
166499,1
166500,1
166501,1
166502,1
166503,0
166504,0
166505,0
166506,0
166507,1
166508,1
166509,1
166510,0
166511,1
166512,1
166513,0
166514,0
166515,0
166516,0
166517,1
166518,0
166519,0
166520,0
166521,0
166522,0
166523,0
166524,1
166525,1
166526,1
166527,1
166528,1
166529,0
166530,0
166531,1
166532,1
166533,1
166534,1
166535,1
166536,0
166537,0
166538,0
166539,0
166540,0
166541,0
166542,0
166543,0
166544,1
166545,1
166546,1
166547,1
166548,0
166549,0
166550,0
166551,0
166552,0
166553,0
166554,0
166555,0
166556,0
166557,0
166558,0
166559,0
166560,0
166561,0
166562,0
166563,0
166564,0
166565,0
166566,0
166567,0
166568,0
166569,0
166570,2
166571,0
166572,0
166573,0
166574,2
166575,2
166576,0
166577,0
166578,0
166579,0
166580,0
166581,2
166582,2
166583,2
166584,2
166585,1
166586,1
166587,1
166588,0
166589,2
166590,2
166591,2
166592,0
166593,0
166594,0
166595,0
166596,0
166597,2
166598,2
166599,2
166600,0
166601,0
166602,0
166603,0
166604,0
166605,0
166606,0
166607,1
166608,1
166609,0
166610,0
166611,0
166612,0
166613,0
166614,0
166615,0
166616,0
166617,0
166618,0
166619,0
166620,0
166621,0
166622,0
166623,0
166624,0
166625,0
166626,1
166627,1
166628,1
166629,0
166630,0
166631,0
166632,0
166633,0
166634,0
166635,0
166636,0
166637,0
166638,0
166639,0
166640,0
166641,0
166642,0
166643,0
166644,0
166645,0
166646,0
166647,0
166648,0
166649,1
166650,2
166651,0
166652,0
166653,0
166654,0
166655,0
166656,0
166657,0
166658,0
166659,0
166660,0
166661,0
166662,0
166663,0
166664,0
166665,0
166666,0
166667,0
166668,0
166669,0
166670,0
166671,0
166672,0
166673,0
166674,0
166675,0
166676,0
166677,0
166678,0
166679,0
166680,1
166681,1
166682,1
166683,1
166684,0
166685,0
166686,0
166687,0
166688,0
166689,1
166690,1
166691,0
166692,1
166693,0
166694,1
166695,1
166696,1
166697,0
166698,0
166699,0
166700,0
166701,0
166702,0
166703,0
166704,0
166705,0
166706,2
166707,0
166708,0
166709,0
166710,4
166711,4
166712,2
166713,0
166714,0
166715,0
166716,0
166717,1
166718,1
166719,0
166720,1
166721,1
166722,0
166723,1
166724,1
166725,0
166726,0
166727,0
166728,0
166729,0
166730,0
166731,1
166732,0
166733,0
166734,0
166735,0
166736,0
166737,1
166738,0
166739,0
166740,0
166741,0
166742,0
166743,0
166744,0
166745,0
166746,0
166747,0
166748,0
166749,0
166750,0
166751,0
166752,0
166753,0
166754,0
166755,0
166756,0
166757,0
166758,1
166759,0
166760,0
166761,0
166762,0
166763,0
166764,2
166765,2
166766,0
166767,0
166768,0
166769,2
166770,2
166771,0
166772,0
166773,2
166774,2
166775,2
166776,1
166777,1
166778,0
166779,0
166780,0
166781,1
166782,1
166783,3
166784,1
166785,1
166786,1
166787,3
166788,0
166789,4
166790,4
166791,1
166792,0
166793,0
166794,0
166795,0
166796,0
166797,0
166798,2
166799,0
166800,0
166801,0
166802,2
166803,2
166804,2
166805,0
166806,1
166807,1
166808,1
166809,0
166810,0
166811,0
166812,0
166813,0
166814,0
166815,0
166816,0
166817,0
166818,0
166819,0
166820,0
166821,0
166822,0
166823,0
166824,0
166825,0
166826,0
166827,0
166828,0
166829,0
166830,0
166831,0
166832,2
166833,0
166834,1
166835,0
166836,1
166837,0
166838,0
166839,0
166840,0
166841,0
166842,0
166843,0
166844,0
166845,0
166846,0
166847,0
166848,0
166849,0
166850,0
166851,0
166852,0
166853,0
166854,0
166855,0
166856,0
166857,0
166858,0
166859,0
166860,0
166861,0
166862,0
166863,0
166864,0
166865,0
166866,0
166867,0
166868,0
166869,0
166870,0
166871,0
166872,1
166873,1
166874,1
166875,0
166876,3
166877,1
166878,1
166879,1
166880,1
166881,0
166882,0
166883,2
166884,0
166885,0
166886,0
166887,0
166888,0
166889,0
166890,0
166891,0
166892,0
166893,0
166894,0
166895,0
166896,0
166897,0
166898,0
166899,0
166900,0
166901,0
166902,1
166903,1
166904,0
166905,0
166906,0
166907,0
166908,0
166909,2
166910,0
166911,2
166912,2
166913,0
166914,0
166915,2
166916,1
166917,1
166918,0
166919,1
166920,1
166921,0
166922,0
166923,0
166924,0
166925,0
166926,0
166927,0
166928,0
166929,0
166930,1
166931,1
166932,1
166933,0
166934,1
166935,0
166936,1
166937,0
166938,0
166939,0
166940,0
166941,0
166942,0
166943,0
166944,0
166945,0
166946,0
166947,0
166948,0
166949,0
166950,0
166951,1
166952,1
166953,1
166954,1
166955,1
166956,1
166957,0
166958,0
166959,0
166960,0
166961,0
166962,0
166963,0
166964,0
166965,0
166966,0
166967,0
166968,0
166969,0
166970,0
166971,0
166972,0
166973,0
166974,0
166975,0
166976,0
166977,0
166978,0
166979,0
166980,0
166981,0
166982,0
166983,0
166984,0
166985,0
166986,0
166987,0
166988,0
166989,0
166990,0
166991,2
166992,0
166993,0
166994,0
166995,0
166996,0
166997,0
166998,0
166999,0
167000,0
167001,0
167002,0
167003,2
167004,2
167005,2
167006,0
167007,0
167008,0
167009,0
167010,2
167011,2
167012,2
167013,0
167014,0
167015,0
167016,2
167017,2
167018,0
167019,0
167020,0
167021,0
167022,0
167023,0
167024,0
167025,0
167026,0
167027,0
167028,0
167029,0
167030,0
167031,0
167032,1
167033,1
167034,0
167035,1
167036,0
167037,0
167038,1
167039,1
167040,0
167041,1
167042,0
167043,0
167044,0
167045,0
167046,0
167047,2
167048,0
167049,0
167050,0
167051,0
167052,0
167053,0
167054,0
167055,0
167056,0
167057,0
167058,0
167059,0
167060,0
167061,0
167062,0
167063,0
167064,0
167065,0
167066,0
167067,0
167068,0
167069,0
167070,0
167071,0
167072,0
167073,0
167074,0
167075,0
167076,0
167077,0
167078,0
167079,0
167080,0
167081,0
167082,0
167083,0
167084,0
167085,0
167086,1
167087,0
167088,0
167089,0
167090,0
167091,0
167092,0
167093,0
167094,0
167095,0
167096,0
167097,0
167098,0
167099,0
167100,0
167101,0
167102,0
167103,0
167104,0
167105,0
167106,0
167107,0
167108,0
167109,0
167110,0
167111,0
167112,0
167113,0
167114,0
167115,0
167116,0
167117,0
167118,0
167119,0
167120,0
167121,0
167122,0
167123,0
167124,0
167125,0
167126,0
167127,0
167128,0
167129,4
167130,2
167131,2
167132,2
167133,2
167134,0
167135,0
167136,2
167137,2
167138,0
167139,0
167140,0
167141,0
167142,0
167143,2
167144,0
167145,2
167146,2
167147,2
167148,2
167149,2
167150,0
167151,0
167152,0
167153,0
167154,0
167155,0
167156,0
167157,0
167158,0
167159,1
167160,1
167161,1
167162,1
167163,0
167164,0
167165,1
167166,0
167167,0
167168,0
167169,0
167170,4
167171,4
167172,4
167173,0
167174,0
167175,4
167176,0
167177,0
167178,0
167179,0
167180,1
167181,0
167182,0
167183,0
167184,0
167185,0
167186,0
167187,0
167188,0
167189,0
167190,2
167191,0
167192,0
167193,0
167194,0
167195,0
167196,0
167197,0
167198,0
167199,0
167200,0
167201,0
167202,0
167203,0
167204,0
167205,0
167206,0
167207,0
167208,0
167209,0
167210,2
167211,2
167212,2
167213,0
167214,0
167215,0
167216,0
167217,0
167218,0
167219,0
167220,0
167221,0
167222,0
167223,0
167224,0
167225,2
167226,2
167227,0
167228,0
167229,2
167230,2
167231,1
167232,0
167233,1
167234,1
167235,1
167236,1
167237,1
167238,1
167239,0
167240,0
167241,1
167242,0
167243,0
167244,0
167245,0
167246,0
167247,0
167248,0
167249,0
167250,0
167251,0
167252,0
167253,0
167254,0
167255,0
167256,0
167257,0
167258,0
167259,0
167260,0
167261,0
167262,0
167263,0
167264,0
167265,2
167266,2
167267,2
167268,2
167269,0
167270,0
167271,4
167272,1
167273,1
167274,0
167275,0
167276,0
167277,0
167278,0
167279,0
167280,0
167281,0
167282,0
167283,0
167284,0
167285,1
167286,1
167287,1
167288,0
167289,0
167290,0
167291,0
167292,1
167293,0
167294,0
167295,0
167296,0
167297,0
167298,0
167299,0
167300,0
167301,0
167302,0
167303,1
167304,0
167305,0
167306,0
167307,0
167308,0
167309,0
167310,0
167311,0
167312,0
167313,0
167314,0
167315,0
167316,0
167317,0
167318,0
167319,1
167320,1
167321,0
167322,0
167323,0
167324,0
167325,0
167326,1
167327,1
167328,1
167329,0
167330,0
167331,1
167332,0
167333,0
167334,0
167335,0
167336,1
167337,1
167338,0
167339,1
167340,1
167341,1
167342,0
167343,1
167344,1
167345,1
167346,0
167347,1
167348,1
167349,1
167350,1
167351,1
167352,1
167353,1
167354,0
167355,0
167356,0
167357,0
167358,1
167359,0
167360,0
167361,0
167362,0
167363,0
167364,0
167365,0
167366,0
167367,0
167368,1
167369,1
167370,1
167371,1
167372,1
167373,1
167374,1
167375,1
167376,0
167377,0
167378,0
167379,0
167380,0
167381,0
167382,0
167383,1
167384,1
167385,1
167386,0
167387,1
167388,0
167389,0
167390,0
167391,0
167392,0
167393,0
167394,4
167395,1
167396,2
167397,2
167398,2
167399,2
167400,0
167401,2
167402,0
167403,2
167404,0
167405,1
167406,0
167407,0
167408,0
167409,0
167410,0
167411,0
167412,0
167413,0
167414,0
167415,1
167416,1
167417,1
167418,0
167419,0
167420,0
167421,1
167422,1
167423,1
167424,2
167425,0
167426,0
167427,0
167428,0
167429,0
167430,0
167431,0
167432,0
167433,2
167434,2
167435,2
167436,2
167437,2
167438,0
167439,0
167440,0
167441,0
167442,2
167443,2
167444,2
167445,2
167446,2
167447,0
167448,0
167449,0
167450,0
167451,0
167452,0
167453,2
167454,2
167455,1
167456,2
167457,2
167458,2
167459,2
167460,0
167461,0
167462,0
167463,0
167464,0
167465,0
167466,0
167467,0
167468,0
167469,0
167470,0
167471,0
167472,0
167473,0
167474,0
167475,0
167476,0
167477,0
167478,0
167479,0
167480,0
167481,0
167482,0
167483,0
167484,0
167485,0
167486,0
167487,0
167488,0
167489,0
167490,1
167491,1
167492,0
167493,0
167494,0
167495,0
167496,0
167497,0
167498,0
167499,0
167500,0
167501,0
167502,0
167503,0
167504,0
167505,1
167506,0
167507,0
167508,0
167509,0
167510,1
167511,1
167512,0
167513,0
167514,0
167515,0
167516,0
167517,0
167518,0
167519,0
167520,0
167521,1
167522,0
167523,0
167524,0
167525,0
167526,0
167527,0
167528,0
167529,0
167530,0
167531,0
167532,0
167533,0
167534,0
167535,0
167536,0
167537,0
167538,0
167539,0
167540,0
167541,0
167542,0
167543,0
167544,0
167545,0
167546,0
167547,0
167548,1
167549,1
167550,1
167551,1
167552,0
167553,0
167554,0
167555,0
167556,0
167557,1
167558,1
167559,1
167560,1
167561,3
167562,0
167563,2
167564,2
167565,3
167566,3
167567,1
167568,1
167569,0
167570,0
167571,0
167572,0
167573,0
167574,4
167575,0
167576,0
167577,0
167578,0
167579,0
167580,2
167581,0
167582,0
167583,0
167584,0
167585,0
167586,0
167587,0
167588,0
167589,1
167590,1
167591,1
167592,1
167593,0
167594,1
167595,1
167596,0
167597,0
167598,0
167599,1
167600,1
167601,1
167602,0
167603,0
167604,0
167605,0
167606,0
167607,0
167608,2
167609,2
167610,0
167611,2
167612,2
167613,0
167614,2
167615,2
167616,2
167617,0
167618,0
167619,0
167620,0
167621,0
167622,0
167623,0
167624,0
167625,0
167626,0
167627,0
167628,0
167629,0
167630,0
167631,0
167632,0
167633,0
167634,0
167635,0
167636,0
167637,0
167638,0
167639,0
167640,0
167641,0
167642,0
167643,0
167644,0
167645,0
167646,0
167647,0
167648,0
167649,0
167650,0
167651,0
167652,0
167653,0
167654,1
167655,0
167656,0
167657,1
167658,1
167659,0
167660,0
167661,1
167662,1
167663,0
167664,1
167665,1
167666,0
167667,0
167668,0
167669,0
167670,0
167671,4
167672,0
167673,0
167674,0
167675,0
167676,0
167677,0
167678,0
167679,4
167680,2
167681,2
167682,0
167683,0
167684,0
167685,0
167686,0
167687,0
167688,0
167689,0
167690,0
167691,0
167692,0
167693,0
167694,0
167695,0
167696,2
167697,0
167698,0
167699,0
167700,0
167701,0
167702,0
167703,0
167704,0
167705,0
167706,0
167707,0
167708,0
167709,0
167710,0
167711,0
167712,0
167713,0
167714,0
167715,0
167716,0
167717,0
167718,0
167719,0
167720,0
167721,0
167722,0
167723,0
167724,0
167725,0
167726,0
167727,1
167728,0
167729,0
167730,0
167731,1
167732,0
167733,0
167734,2
167735,0
167736,0
167737,0
167738,0
167739,0
167740,0
167741,0
167742,0
167743,0
167744,0
167745,0
167746,0
167747,0
167748,0
167749,0
167750,0
167751,0
167752,0
167753,0
167754,0
167755,0
167756,0
167757,0
167758,0
167759,0
167760,0
167761,0
167762,0
167763,0
167764,0
167765,0
167766,0
167767,0
167768,0
167769,0
167770,0
167771,0
167772,0
167773,0
167774,0
167775,0
167776,0
167777,0
167778,0
167779,0
167780,0
167781,0
167782,0
167783,0
167784,0
167785,1
167786,1
167787,1
167788,0
167789,0
167790,0
167791,1
167792,3
167793,3
167794,3
167795,0
167796,0
167797,0
167798,0
167799,0
167800,0
167801,1
167802,0
167803,1
167804,0
167805,0
167806,0
167807,0
167808,0
167809,0
167810,0
167811,0
167812,0
167813,0
167814,0
167815,0
167816,0
167817,0
167818,0
167819,0
167820,0
167821,0
167822,0
167823,2
167824,0
167825,0
167826,0
167827,0
167828,0
167829,0
167830,0
167831,0
167832,2
167833,0
167834,0
167835,0
167836,0
167837,0
167838,0
167839,0
167840,1
167841,0
167842,1
167843,1
167844,0
167845,0
167846,0
167847,1
167848,1
167849,0
167850,0
167851,0
167852,1
167853,1
167854,1
167855,0
167856,0
167857,0
167858,0
167859,0
167860,1
167861,0
167862,0
167863,0
167864,1
167865,1
167866,0
167867,0
167868,0
167869,1
167870,2
167871,2
167872,0
167873,0
167874,0
167875,0
167876,0
167877,0
167878,0
167879,0
167880,0
167881,0
167882,0
167883,0
167884,0
167885,0
167886,0
167887,0
167888,0
167889,0
167890,0
167891,0
167892,0
167893,0
167894,2
167895,0
167896,1
167897,0
167898,0
167899,0
167900,0
167901,0
167902,0
167903,0
167904,2
167905,0
167906,0
167907,0
167908,0
167909,0
167910,0
167911,0
167912,0
167913,0
167914,0
167915,0
167916,0
167917,0
167918,0
167919,0
167920,0
167921,0
167922,1
167923,0
167924,0
167925,0
167926,0
167927,0
167928,0
167929,0
167930,0
167931,0
167932,0
167933,0
167934,0
167935,0
167936,0
167937,0
167938,1
167939,0
167940,0
167941,0
167942,0
167943,0
167944,0
167945,0
167946,0
167947,0
167948,2
167949,1
167950,1
167951,0
167952,1
167953,1
167954,1
167955,1
167956,1
167957,2
167958,2
167959,2
167960,2
167961,2
167962,0
167963,0
167964,0
167965,0
167966,0
167967,0
167968,0
167969,0
167970,0
167971,0
167972,0
167973,0
167974,0
167975,0
167976,0
167977,0
167978,0
167979,0
167980,0
167981,0
167982,0
167983,0
167984,0
167985,0
167986,0
167987,1
167988,0
167989,0
167990,0
167991,0
167992,0
167993,0
167994,0
167995,0
167996,0
167997,1
167998,0
167999,0
168000,0
168001,0
168002,0
168003,1
168004,0
168005,0
168006,0
168007,0
168008,0
168009,0
168010,0
168011,0
168012,0
168013,0
168014,0
168015,0
168016,0
168017,2
168018,2
168019,0
168020,2
168021,2
168022,2
168023,0
168024,0
168025,0
168026,3
168027,0
168028,1
168029,0
168030,1
168031,3
168032,1
168033,3
168034,1
168035,1
168036,1
168037,0
168038,0
168039,1
168040,1
168041,1
168042,1
168043,1
168044,0
168045,0
168046,0
168047,0
168048,0
168049,1
168050,0
168051,0
168052,0
168053,0
168054,0
168055,0
168056,0
168057,0
168058,0
168059,0
168060,0
168061,0
168062,0
168063,0
168064,0
168065,1
168066,1
168067,1
168068,1
168069,1
168070,1
168071,1
168072,2
168073,0
168074,0
168075,0
168076,0
168077,1
168078,0
168079,0
168080,0
168081,0
168082,0
168083,0
168084,0
168085,0
168086,0
168087,0
168088,0
168089,0
168090,0
168091,0
168092,0
168093,0
168094,0
168095,0
168096,1
168097,1
168098,0
168099,0
168100,1
168101,0
168102,0
168103,0
168104,0
168105,0
168106,0
168107,0
168108,0
168109,0
168110,0
168111,0
168112,0
168113,0
168114,0
168115,0
168116,0
168117,0
168118,0
168119,0
168120,1
168121,0
168122,0
168123,0
168124,0
168125,0
168126,0
168127,0
168128,0
168129,0
168130,0
168131,0
168132,0
168133,0
168134,0
168135,0
168136,2
168137,2
168138,0
168139,0
168140,2
168141,2
168142,0
168143,0
168144,0
168145,0
168146,1
168147,0
168148,0
168149,0
168150,0
168151,0
168152,1
168153,1
168154,1
168155,1
168156,0
168157,0
168158,0
168159,0
168160,0
168161,0
168162,4
168163,4
168164,0
168165,0
168166,0
168167,0
168168,2
168169,2
168170,2
168171,4
168172,4
168173,2
168174,0
168175,0
168176,0
168177,0
168178,0
168179,0
168180,0
168181,0
168182,2
168183,2
168184,2
168185,2
168186,0
168187,1
168188,1
168189,1
168190,0
168191,0
168192,0
168193,0
168194,0
168195,0
168196,1
168197,0
168198,0
168199,0
168200,0
168201,0
168202,0
168203,0
168204,0
168205,0
168206,0
168207,0
168208,1
168209,1
168210,0
168211,0
168212,0
168213,1
168214,0
168215,1
168216,1
168217,1
168218,1
168219,0
168220,0
168221,4
168222,2
168223,2
168224,0
168225,0
168226,0
168227,1
168228,0
168229,0
168230,0
168231,0
168232,0
168233,2
168234,2
168235,2
168236,2
168237,4
168238,2
168239,2
168240,0
168241,0
168242,0
168243,1
168244,1
168245,1
168246,0
168247,1
168248,0
168249,0
168250,0
168251,0
168252,0
168253,0
168254,1
168255,1
168256,0
168257,0
168258,0
168259,0
168260,0
168261,0
168262,1
168263,1
168264,0
168265,0
168266,0
168267,0
168268,0
168269,0
168270,0
168271,2
168272,0
168273,2
168274,2
168275,2
168276,0
168277,0
168278,1
168279,1
168280,1
168281,1
168282,0
168283,0
168284,0
168285,0
168286,0
168287,1
168288,1
168289,0
168290,0
168291,0
168292,0
168293,0
168294,0
168295,1
168296,1
168297,1
168298,1
168299,1
168300,1
168301,1
168302,1
168303,1
168304,0
168305,0
168306,0
168307,0
168308,0
168309,0
168310,1
168311,0
168312,4
168313,2
168314,2
168315,0
168316,0
168317,0
168318,0
168319,0
168320,0
168321,0
168322,0
168323,0
168324,0
168325,2
168326,0
168327,0
168328,0
168329,0
168330,0
168331,2
168332,0
168333,2
168334,0
168335,0
168336,0
168337,0
168338,0
168339,0
168340,0
168341,0
168342,0
168343,0
168344,0
168345,0
168346,0
168347,0
168348,0
168349,0
168350,1
168351,1
168352,0
168353,0
168354,0
168355,0
168356,0
168357,2
168358,0
168359,0
168360,0
168361,0
168362,0
168363,0
168364,0
168365,0
168366,0
168367,0
168368,1
168369,1
168370,1
168371,1
168372,1
168373,1
168374,0
168375,0
168376,0
168377,1
168378,0
168379,0
168380,0
168381,1
168382,1
168383,1
168384,1
168385,1
168386,0
168387,1
168388,1
168389,1
168390,0
168391,0
168392,0
168393,1
168394,0
168395,0
168396,1
168397,0
168398,0
168399,0
168400,0
168401,1
168402,1
168403,1
168404,1
168405,0
168406,0
168407,0
168408,0
168409,1
168410,0
168411,0
168412,0
168413,0
168414,0
168415,0
168416,0
168417,0
168418,0
168419,0
168420,1
168421,1
168422,0
168423,0
168424,1
168425,0
168426,0
168427,0
168428,0
168429,0
168430,0
168431,1
168432,1
168433,1
168434,3
168435,1
168436,1
168437,1
168438,1
168439,1
168440,1
168441,1
168442,1
168443,1
168444,0
168445,0
168446,0
168447,0
168448,1
168449,1
168450,1
168451,1
168452,2
168453,1
168454,1
168455,2
168456,2
168457,0
168458,0
168459,0
168460,0
168461,0
168462,0
168463,1
168464,1
168465,1
168466,0
168467,0
168468,1
168469,1
168470,1
168471,1
168472,1
168473,0
168474,0
168475,0
168476,0
168477,0
168478,2
168479,0
168480,0
168481,0
168482,0
168483,0
168484,1
168485,0
168486,0
168487,0
168488,0
168489,0
168490,1
168491,1
168492,1
168493,1
168494,1
168495,1
168496,1
168497,1
168498,1
168499,1
168500,1
168501,1
168502,1
168503,1
168504,0
168505,0
168506,0
168507,0
168508,0
168509,0
168510,0
168511,0
168512,0
168513,0
168514,0
168515,0
168516,0
168517,0
168518,1
168519,0
168520,0
168521,0
168522,0
168523,0
168524,0
168525,0
168526,0
168527,0
168528,0
168529,0
168530,0
168531,0
168532,0
168533,0
168534,0
168535,0
168536,0
168537,0
168538,0
168539,0
168540,0
168541,0
168542,0
168543,0
168544,0
168545,0
168546,0
168547,0
168548,0
168549,0
168550,0
168551,0
168552,1
168553,0
168554,0
168555,0
168556,2
168557,1
168558,0
168559,0
168560,0
168561,0
168562,0
168563,0
168564,0
168565,0
168566,0
168567,0
168568,0
168569,0
168570,0
168571,0
168572,0
168573,0
168574,3
168575,3
168576,2
168577,1
168578,0
168579,0
168580,0
168581,1
168582,1
168583,0
168584,1
168585,1
168586,1
168587,1
168588,1
168589,0
168590,0
168591,0
168592,0
168593,0
168594,0
168595,0
168596,0
168597,0
168598,0
168599,0
168600,0
168601,0
168602,0
168603,0
168604,0
168605,0
168606,1
168607,1
168608,1
168609,1
168610,1
168611,0
168612,1
168613,1
168614,1
168615,1
168616,1
168617,1
168618,1
168619,0
168620,0
168621,0
168622,0
168623,0
168624,0
168625,0
168626,0
168627,4
168628,2
168629,0
168630,0
168631,0
168632,0
168633,0
168634,2
168635,0
168636,0
168637,0
168638,0
168639,1
168640,1
168641,0
168642,0
168643,0
168644,0
168645,0
168646,1
168647,0
168648,0
168649,0
168650,0
168651,1
168652,0
168653,1
168654,3
168655,0
168656,0
168657,0
168658,0
168659,0
168660,0
168661,0
168662,0
168663,0
168664,0
168665,0
168666,0
168667,0
168668,0
168669,0
168670,0
168671,0
168672,0
168673,0
168674,0
168675,0
168676,0
168677,0
168678,0
168679,0
168680,0
168681,0
168682,0
168683,0
168684,0
168685,0
168686,1
168687,1
168688,0
168689,0
168690,0
168691,0
168692,0
168693,0
168694,0
168695,4
168696,2
168697,2
168698,2
168699,0
168700,0
168701,0
168702,0
168703,0
168704,0
168705,1
168706,0
168707,0
168708,0
168709,0
168710,0
168711,0
168712,2
168713,2
168714,0
168715,0
168716,0
168717,0
168718,0
168719,1
168720,0
168721,0
168722,0
168723,0
168724,0
168725,0
168726,0
168727,0
168728,0
168729,0
168730,0
168731,0
168732,0
168733,0
168734,0
168735,0
168736,0
168737,0
168738,0
168739,0
168740,0
168741,0
168742,0
168743,0
168744,0
168745,0
168746,0
168747,0
168748,0
168749,4
168750,1
168751,1
168752,0
168753,1
168754,0
168755,0
168756,0
168757,0
168758,0
168759,0
168760,2
168761,0
168762,2
168763,0
168764,0
168765,0
168766,0
168767,0
168768,0
168769,0
168770,0
168771,0
168772,0
168773,0
168774,0
168775,0
168776,0
168777,0
168778,0
168779,0
168780,0
168781,0
168782,0
168783,0
168784,0
168785,0
168786,0
168787,0
168788,0
168789,0
168790,2
168791,0
168792,0
168793,0
168794,0
168795,0
168796,0
168797,0
168798,0
168799,0
168800,1
168801,0
168802,0
168803,0
168804,2
168805,0
168806,0
168807,0
168808,0
168809,0
168810,0
168811,0
168812,0
168813,0
168814,4
168815,2
168816,2
168817,2
168818,0
168819,1
168820,0
168821,0
168822,0
168823,0
168824,0
168825,0
168826,0
168827,0
168828,2
168829,2
168830,0
168831,0
168832,0
168833,0
168834,0
168835,0
168836,0
168837,0
168838,0
168839,0
168840,0
168841,2
168842,2
168843,0
168844,0
168845,0
168846,0
168847,1
168848,0
168849,2
168850,2
168851,0
168852,0
168853,0
168854,2
168855,2
168856,0
168857,4
168858,4
168859,0
168860,1
168861,1
168862,1
168863,1
168864,1
168865,1
168866,1
168867,1
168868,0
168869,0
168870,0
168871,0
168872,0
168873,0
168874,0
168875,0
168876,0
168877,0
168878,0
168879,0
168880,0
168881,0
168882,0
168883,0
168884,2
168885,0
168886,0
168887,0
168888,0
168889,2
168890,2
168891,2
168892,0
168893,0
168894,0
168895,4
168896,4
168897,4
168898,4
168899,4
168900,2
168901,2
168902,4
168903,4
168904,4
168905,0
168906,2
168907,4
168908,2
168909,0
168910,0
168911,0
168912,4
168913,2
168914,2
168915,2
168916,2
168917,2
168918,2
168919,2
168920,2
168921,2
168922,2
168923,2
168924,2
168925,0
168926,0
168927,0
168928,0
168929,0
168930,0
168931,1
168932,1
168933,1
168934,1
168935,1
168936,1
168937,1
168938,1
168939,0
168940,0
168941,1
168942,1
168943,0
168944,0
168945,0
168946,0
168947,0
168948,0
168949,1
168950,1
168951,1
168952,0
168953,0
168954,0
168955,0
168956,0
168957,0
168958,0
168959,1
168960,0
168961,0
168962,0
168963,1
168964,0
168965,0
168966,0
168967,0
168968,0
168969,0
168970,0
168971,0
168972,0
168973,0
168974,0
168975,0
168976,2
168977,0
168978,0
168979,0
168980,0
168981,0
168982,0
168983,0
168984,0
168985,0
168986,0
168987,0
168988,2
168989,1
168990,1
168991,1
168992,1
168993,1
168994,1
168995,1
168996,0
168997,0
168998,0
168999,0
169000,0
169001,0
169002,1
169003,0
169004,0
169005,0
169006,0
169007,0
169008,0
169009,0
169010,0
169011,0
169012,0
169013,0
169014,0
169015,0
169016,2
169017,2
169018,0
169019,0
169020,2
169021,0
169022,0
169023,2
169024,0
169025,0
169026,0
169027,2
169028,0
169029,1
169030,0
169031,1
169032,0
169033,0
169034,1
169035,0
169036,1
169037,0
169038,1
169039,0
169040,1
169041,1
169042,0
169043,0
169044,0
169045,0
169046,0
169047,1
169048,1
169049,1
169050,1
169051,1
169052,0
169053,0
169054,0
169055,0
169056,0
169057,0
169058,0
169059,0
169060,0
169061,0
169062,0
169063,0
169064,0
169065,2
169066,0
169067,0
169068,0
169069,0
169070,2
169071,0
169072,0
169073,2
169074,2
169075,0
169076,0
169077,0
169078,0
169079,0
169080,0
169081,0
169082,0
169083,0
169084,0
169085,0
169086,1
169087,0
169088,0
169089,0
169090,0
169091,0
169092,0
169093,0
169094,0
169095,0
169096,0
169097,0
169098,3
169099,3
169100,3
169101,1
169102,1
169103,1
169104,1
169105,1
169106,1
169107,1
169108,0
169109,2
169110,0
169111,0
169112,0
169113,2
169114,0
169115,0
169116,0
169117,0
169118,0
169119,0
169120,0
169121,0
169122,0
169123,0
169124,2
169125,2
169126,0
169127,0
169128,0
169129,0
169130,0
169131,0
169132,2
169133,2
169134,0
169135,0
169136,1
169137,0
169138,0
169139,0
169140,0
169141,1
169142,0
169143,0
169144,0
169145,0
169146,0
169147,0
169148,0
169149,0
169150,0
169151,1
169152,2
169153,2
169154,2
169155,2
169156,2
169157,0
169158,0
169159,0
169160,0
169161,0
169162,0
169163,0
169164,0
169165,0
169166,0
169167,0
169168,0
169169,0
169170,0
169171,0
169172,0
169173,0
169174,0
169175,0
169176,0
169177,0
169178,0
169179,0
169180,0
169181,3
169182,3
169183,0
169184,0
169185,0
169186,3
169187,0
169188,0
169189,0
169190,0
169191,0
169192,3
169193,3
169194,1
169195,1
169196,1
169197,0
169198,0
169199,0
169200,0
169201,0
169202,0
169203,1
169204,1
169205,0
169206,0
169207,0
169208,0
169209,0
169210,0
169211,0
169212,0
169213,1
169214,0
169215,0
169216,0
169217,1
169218,1
169219,0
169220,1
169221,0
169222,0
169223,0
169224,0
169225,0
169226,0
169227,0
169228,0
169229,0
169230,0
169231,0
169232,0
169233,0
169234,0
169235,0
169236,0
169237,0
169238,0
169239,0
169240,0
169241,0
169242,0
169243,0
169244,0
169245,0
169246,2
169247,0
169248,0
169249,0
169250,0
169251,0
169252,0
169253,0
169254,0
169255,0
169256,0
169257,0
169258,0
169259,0
169260,0
169261,0
169262,0
169263,0
169264,0
169265,0
169266,0
169267,0
169268,0
169269,0
169270,0
169271,0
169272,0
169273,0
169274,0
169275,0
169276,0
169277,0
169278,0
169279,0
169280,0
169281,0
169282,0
169283,0
169284,3
169285,1
169286,1
169287,1
169288,0
169289,1
169290,2
169291,2
169292,0
169293,0
169294,0
169295,0
169296,0
169297,0
169298,0
169299,0
169300,0
169301,0
169302,1
169303,0
169304,1
169305,0
169306,1
169307,0
169308,1
169309,1
169310,1
169311,0
169312,1
169313,1
169314,0
169315,0
169316,1
169317,1
169318,0
169319,1
169320,0
169321,1
169322,0
169323,1
169324,1
169325,0
169326,1
169327,1
169328,1
169329,1
169330,0
169331,1
169332,0
169333,1
169334,1
169335,1
169336,1
169337,1
169338,0
169339,1
169340,1
169341,1
169342,1
169343,0
169344,0
169345,0
169346,1
169347,1
169348,1
169349,1
169350,1
169351,1
169352,1
169353,1
169354,1
169355,1
169356,0
169357,0
169358,1
169359,1
169360,0
169361,1
169362,1
169363,1
169364,0
169365,0
169366,1
169367,2
169368,0
169369,0
169370,2
169371,0
169372,0
169373,0
169374,0
169375,0
169376,0
169377,0
169378,0
169379,0
169380,0
169381,0
169382,0
169383,0
169384,0
169385,0
169386,0
169387,0
169388,0
169389,0
169390,0
169391,0
169392,0
169393,0
169394,0
169395,0
169396,0
169397,0
169398,0
169399,0
169400,2
169401,0
169402,0
169403,2
169404,2
169405,1
169406,1
169407,0
169408,0
169409,1
169410,1
169411,0
169412,1
169413,1
169414,1
169415,2
169416,2
169417,2
169418,0
169419,2
169420,2
169421,2
169422,0
169423,2
169424,2
169425,0
169426,0
169427,0
169428,1
169429,2
169430,2
169431,0
169432,0
169433,0
169434,0
169435,0
169436,0
169437,0
169438,0
169439,1
169440,0
169441,0
169442,0
169443,0
169444,0
169445,0
169446,0
169447,0
169448,0
169449,0
169450,0
169451,0
169452,0
169453,0
169454,0
169455,0
169456,0
169457,0
169458,0
169459,0
169460,0
169461,0
169462,0
169463,0
169464,0
169465,0
169466,0
169467,0
169468,0
169469,0
169470,2
169471,2
169472,2
169473,1
169474,1
169475,0
169476,1
169477,1
169478,0
169479,0
169480,1
169481,1
169482,1
169483,1
169484,1
169485,1
169486,1
169487,0
169488,0
169489,0
169490,0
169491,0
169492,0
169493,0
169494,0
169495,0
169496,0
169497,0
169498,0
169499,0
169500,0
169501,0
169502,0
169503,0
169504,1
169505,1
169506,1
169507,1
169508,1
169509,1
169510,1
169511,0
169512,0
169513,1
169514,0
169515,0
169516,0
169517,1
169518,1
169519,0
169520,0
169521,0
169522,0
169523,0
169524,0
169525,0
169526,1
169527,0
169528,1
169529,1
169530,0
169531,0
169532,0
169533,0
169534,0
169535,0
169536,0
169537,0
169538,0
169539,0
169540,0
169541,0
169542,0
169543,0
169544,0
169545,0
169546,0
169547,0
169548,0
169549,0
169550,0
169551,0
169552,0
169553,0
169554,1
169555,4
169556,0
169557,2
169558,2
169559,0
169560,0
169561,0
169562,0
169563,0
169564,0
169565,0
169566,0
169567,0
169568,0
169569,0
169570,0
169571,0
169572,0
169573,0
169574,0
169575,0
169576,0
169577,0
169578,0
169579,0
169580,1
169581,2
169582,0
169583,0
169584,0
169585,0
169586,4
169587,4
169588,4
169589,2
169590,1
169591,1
169592,0
169593,0
169594,1
169595,0
169596,0
169597,0
169598,0
169599,0
169600,0
169601,0
169602,0
169603,0
169604,0
169605,0
169606,0
169607,1
169608,1
169609,1
169610,1
169611,1
169612,0
169613,0
169614,0
169615,0
169616,0
169617,0
169618,0
169619,0
169620,0
169621,0
169622,0
169623,0
169624,0
169625,0
169626,0
169627,0
169628,1
169629,0
169630,1
169631,1
169632,1
169633,0
169634,0
169635,0
169636,0
169637,0
169638,0
169639,0
169640,0
169641,0
169642,0
169643,0
169644,0
169645,0
169646,0
169647,2
169648,2
169649,2
169650,0
169651,1
169652,0
169653,0
169654,0
169655,0
169656,0
169657,0
169658,0
169659,0
169660,0
169661,0
169662,0
169663,0
169664,0
169665,0
169666,0
169667,0
169668,0
169669,0
169670,0
169671,0
169672,0
169673,0
169674,0
169675,0
169676,0
169677,2
169678,0
169679,0
169680,0
169681,0
169682,0
169683,0
169684,1
169685,1
169686,1
169687,1
169688,0
169689,3
169690,0
169691,0
169692,0
169693,0
169694,0
169695,0
169696,0
169697,0
169698,0
169699,1
169700,0
169701,0
169702,1
169703,1
169704,1
169705,1
169706,0
169707,0
169708,2
169709,2
169710,1
169711,1
169712,1
169713,1
169714,1
169715,0
169716,0
169717,0
169718,1
169719,1
169720,0
169721,0
169722,1
169723,1
169724,0
169725,0
169726,0
169727,0
169728,0
169729,1
169730,1
169731,1
169732,1
169733,3
169734,0
169735,0
169736,0
169737,0
169738,0
169739,2
169740,0
169741,0
169742,0
169743,2
169744,0
169745,0
169746,0
169747,0
169748,0
169749,0
169750,2
169751,0
169752,0
169753,1
169754,0
169755,0
169756,0
169757,0
169758,0
169759,0
169760,0
169761,0
169762,0
169763,0
169764,0
169765,0
169766,0
169767,0
169768,0
169769,0
169770,0
169771,0
169772,0
169773,0
169774,0
169775,0
169776,0
169777,0
169778,0
169779,0
169780,0
169781,2
169782,2
169783,0
169784,0
169785,0
169786,0
169787,0
169788,0
169789,0
169790,0
169791,0
169792,0
169793,0
169794,0
169795,0
169796,0
169797,0
169798,0
169799,0
169800,0
169801,0
169802,0
169803,0
169804,0
169805,0
169806,0
169807,0
169808,0
169809,0
169810,0
169811,0
169812,0
169813,0
169814,1
169815,0
169816,1
169817,0
169818,0
169819,1
169820,1
169821,0
169822,0
169823,0
169824,1
169825,0
169826,1
169827,0
169828,1
169829,0
169830,1
169831,0
169832,0
169833,1
169834,1
169835,0
169836,0
169837,0
169838,0
169839,0
169840,0
169841,1
169842,1
169843,1
169844,1
169845,0
169846,0
169847,0
169848,0
169849,0
169850,0
169851,0
169852,0
169853,0
169854,0
169855,0
169856,0
169857,0
169858,1
169859,0
169860,1
169861,0
169862,1
169863,0
169864,1
169865,0
169866,0
169867,0
169868,0
169869,0
169870,1
169871,1
169872,1
169873,1
169874,0
169875,0
169876,0
169877,0
169878,0
169879,0
169880,0
169881,0
169882,0
169883,1
169884,1
169885,0
169886,0
169887,0
169888,0
169889,0
169890,0
169891,0
169892,0
169893,0
169894,0
169895,0
169896,0
169897,0
169898,0
169899,0
169900,1
169901,1
169902,1
169903,1
169904,1
169905,0
169906,0
169907,0
169908,0
169909,0
169910,0
169911,0
169912,0
169913,0
169914,0
169915,0
169916,0
169917,0
169918,0
169919,0
169920,0
169921,0
169922,0
169923,0
169924,0
169925,0
169926,0
169927,0
169928,0
169929,0
169930,0
169931,0
169932,0
169933,0
169934,0
169935,0
169936,0
169937,0
169938,0
169939,0
169940,0
169941,0
169942,0
169943,0
169944,0
169945,0
169946,0
169947,0
169948,0
169949,0
169950,0
169951,0
169952,0
169953,0
169954,0
169955,0
169956,0
169957,0
169958,0
169959,0
169960,0
169961,0
169962,0
169963,0
169964,0
169965,0
169966,2
169967,2
169968,1
169969,0
169970,0
169971,2
169972,0
169973,0
169974,0
169975,0
169976,0
169977,0
169978,0
169979,2
169980,2
169981,2
169982,0
169983,0
169984,0
169985,0
169986,2
169987,2
169988,2
169989,0
169990,0
169991,0
169992,0
169993,0
169994,0
169995,0
169996,0
169997,0
169998,0
169999,0
170000,0
170001,0
170002,2
170003,2
170004,0
170005,0
170006,0
170007,0
170008,0
170009,0
170010,0
170011,1
170012,1
170013,0
170014,0
170015,0
170016,0
170017,0
170018,0
170019,0
170020,0
170021,0
170022,0
170023,0
170024,0
170025,0
170026,0
170027,0
170028,0
170029,0
170030,0
170031,0
170032,0
170033,0
170034,0
170035,0
170036,0
170037,0
170038,0
170039,0
170040,0
170041,0
170042,0
170043,1
170044,1
170045,1
170046,4
170047,0
170048,0
170049,0
170050,0
170051,0
170052,0
170053,0
170054,4
170055,4
170056,4
170057,4
170058,2
170059,2
170060,0
170061,0
170062,0
170063,2
170064,2
170065,4
170066,0
170067,4
170068,1
170069,1
170070,0
170071,0
170072,0
170073,1
170074,0
170075,0
170076,0
170077,0
170078,0
170079,0
170080,0
170081,0
170082,1
170083,0
170084,1
170085,1
170086,0
170087,0
170088,0
170089,0
170090,0
170091,2
170092,0
170093,2
170094,2
170095,1
170096,0
170097,0
170098,0
170099,0
170100,0
170101,0
170102,0
170103,0
170104,0
170105,0
170106,0
170107,0
170108,0
170109,0
170110,0
170111,0
170112,0
170113,0
170114,0
170115,0
170116,0
170117,1
170118,1
170119,1
170120,0
170121,1
170122,1
170123,0
170124,0
170125,1
170126,1
170127,1
170128,0
170129,0
170130,0
170131,0
170132,0
170133,0
170134,0
170135,1
170136,1
170137,0
170138,2
170139,1
170140,1
170141,0
170142,1
170143,1
170144,1
170145,0
170146,0
170147,0
170148,0
170149,2
170150,0
170151,0
170152,0
170153,0
170154,0
170155,0
170156,0
170157,0
170158,0
170159,0
170160,0
170161,0
170162,0
170163,0
170164,0
170165,0
170166,0
170167,0
170168,1
170169,1
170170,1
170171,0
170172,0
170173,2
170174,2
170175,0
170176,2
170177,2
170178,0
170179,0
170180,0
170181,2
170182,1
170183,1
170184,1
170185,2
170186,1
170187,0
170188,0
170189,0
170190,0
170191,0
170192,0
170193,1
170194,1
170195,1
170196,1
170197,1
170198,1
170199,1
170200,1
170201,2
170202,1
170203,1
170204,0
170205,1
170206,0
170207,0
170208,1
170209,1
170210,0
170211,1
170212,1
170213,0
170214,2
170215,2
170216,0
170217,2
170218,2
170219,2
170220,0
170221,0
170222,0
170223,0
170224,0
170225,0
170226,0
170227,0
170228,0
170229,1
170230,1
170231,1
170232,0
170233,0
170234,0
170235,0
170236,0
170237,0
170238,2
170239,0
170240,0
170241,0
170242,0
170243,1
170244,1
170245,1
170246,0
170247,0
170248,0
170249,0
170250,0
170251,0
170252,0
170253,0
170254,0
170255,3
170256,1
170257,1
170258,1
170259,0
170260,1
170261,1
170262,0
170263,0
170264,0
170265,0
170266,3
170267,0
170268,1
170269,0
170270,0
170271,0
170272,0
170273,0
170274,1
170275,1
170276,1
170277,0
170278,0
170279,0
170280,0
170281,0
170282,0
170283,0
170284,0
170285,0
170286,0
170287,0
170288,0
170289,0
170290,0
170291,0
170292,0
170293,0
170294,1
170295,0
170296,0
170297,0
170298,1
170299,0
170300,0
170301,0
170302,0
170303,0
170304,0
170305,2
170306,0
170307,0
170308,0
170309,0
170310,0
170311,0
170312,0
170313,0
170314,1
170315,1
170316,0
170317,0
170318,1
170319,1
170320,1
170321,1
170322,1
170323,0
170324,0
170325,0
170326,1
170327,1
170328,1
170329,1
170330,0
170331,0
170332,0
170333,0
170334,0
170335,0
170336,0
170337,0
170338,0
170339,0
170340,1
170341,1
170342,1
170343,1
170344,1
170345,1
170346,1
170347,0
170348,0
170349,0
170350,1
170351,1
170352,1
170353,0
170354,1
170355,0
170356,1
170357,0
170358,0
170359,0
170360,0
170361,0
170362,0
170363,0
170364,0
170365,0
170366,0
170367,0
170368,0
170369,0
170370,0
170371,0
170372,0
170373,0
170374,0
170375,0
170376,0
170377,0
170378,0
170379,0
170380,0
170381,1
170382,0
170383,1
170384,1
170385,1
170386,1
170387,1
170388,0
170389,0
170390,0
170391,0
170392,0
170393,0
170394,0
170395,0
170396,0
170397,1
170398,0
170399,0
170400,0
170401,0
170402,0
170403,0
170404,0
170405,0
170406,0
170407,1
170408,1
170409,1
170410,1
170411,1
170412,0
170413,0
170414,1
170415,0
170416,1
170417,1
170418,0
170419,0
170420,0
170421,0
170422,2
170423,2
170424,2
170425,2
170426,2
170427,2
170428,0
170429,0
170430,0
170431,0
170432,1
170433,1
170434,1
170435,0
170436,2
170437,0
170438,0
170439,0
170440,0
170441,1
170442,1
170443,1
170444,1
170445,1
170446,1
170447,0
170448,0
170449,0
170450,0
170451,0
170452,0
170453,0
170454,0
170455,0
170456,0
170457,0
170458,0
170459,0
170460,0
170461,1
170462,0
170463,0
170464,1
170465,0
170466,0
170467,0
170468,0
170469,1
170470,0
170471,0
170472,0
170473,0
170474,0
170475,0
170476,0
170477,0
170478,0
170479,0
170480,0
170481,0
170482,0
170483,1
170484,1
170485,0
170486,0
170487,0
170488,0
170489,1
170490,1
170491,0
170492,0
170493,0
170494,0
170495,0
170496,0
170497,0
170498,0
170499,0
170500,0
170501,0
170502,0
170503,0
170504,0
170505,0
170506,0
170507,2
170508,0
170509,0
170510,0
170511,0
170512,0
170513,0
170514,0
170515,0
170516,0
170517,0
170518,0
170519,0
170520,0
170521,0
170522,1
170523,2
170524,2
170525,0
170526,0
170527,0
170528,0
170529,2
170530,0
170531,0
170532,0
170533,0
170534,2
170535,2
170536,2
170537,0
170538,0
170539,0
170540,0
170541,0
170542,2
170543,1
170544,0
170545,0
170546,0
170547,0
170548,0
170549,0
170550,2
170551,0
170552,0
170553,0
170554,0
170555,0
170556,1
170557,1
170558,0
170559,0
170560,0
170561,0
170562,0
170563,0
170564,0
170565,0
170566,1
170567,1
170568,0
170569,1
170570,0
170571,0
170572,0
170573,1
170574,1
170575,1
170576,0
170577,0
170578,0
170579,0
170580,0
170581,1
170582,1
170583,0
170584,0
170585,0
170586,0
170587,0
170588,1
170589,0
170590,0
170591,1
170592,1
170593,1
170594,0
170595,0
170596,0
170597,1
170598,1
170599,0
170600,0
170601,0
170602,0
170603,0
170604,0
170605,0
170606,0
170607,0
170608,0
170609,0
170610,0
170611,0
170612,1
170613,2
170614,0
170615,0
170616,2
170617,2
170618,2
170619,2
170620,2
170621,2
170622,2
170623,2
170624,2
170625,0
170626,0
170627,0
170628,0
170629,0
170630,0
170631,0
170632,0
170633,0
170634,0
170635,0
170636,0
170637,0
170638,0
170639,0
170640,0
170641,0
170642,0
170643,0
170644,0
170645,0
170646,0
170647,0
170648,0
170649,0
170650,0
170651,0
170652,0
170653,1
170654,1
170655,1
170656,1
170657,1
170658,1
170659,0
170660,0
170661,0
170662,1
170663,0
170664,0
170665,0
170666,1
170667,1
170668,1
170669,1
170670,0
170671,1
170672,1
170673,1
170674,1
170675,0
170676,0
170677,0
170678,1
170679,0
170680,0
170681,0
170682,0
170683,0
170684,0
170685,0
170686,0
170687,0
170688,0
170689,0
170690,0
170691,0
170692,0
170693,0
170694,0
170695,0
170696,0
170697,0
170698,0
170699,0
170700,0
170701,0
170702,0
170703,0
170704,1
170705,0
170706,1
170707,1
170708,0
170709,0
170710,0
170711,0
170712,0
170713,0
170714,0
170715,1
170716,1
170717,0
170718,1
170719,1
170720,0
170721,0
170722,0
170723,0
170724,0
170725,0
170726,0
170727,0
170728,0
170729,0
170730,0
170731,0
170732,0
170733,0
170734,1
170735,1
170736,0
170737,0
170738,1
170739,1
170740,0
170741,1
170742,1
170743,0
170744,1
170745,1
170746,0
170747,0
170748,0
170749,0
170750,1
170751,1
170752,0
170753,0
170754,0
170755,0
170756,0
170757,0
170758,0
170759,0
170760,0
170761,1
170762,1
170763,0
170764,1
170765,0
170766,0
170767,0
170768,0
170769,0
170770,0
170771,0
170772,0
170773,0
170774,0
170775,0
170776,2
170777,0
170778,0
170779,0
170780,0
170781,1
170782,1
170783,0
170784,0
170785,0
170786,0
170787,1
170788,3
170789,3
170790,1
170791,1
170792,1
170793,1
170794,0
170795,0
170796,0
170797,0
170798,0
170799,0
170800,1
170801,0
170802,0
170803,1
170804,1
170805,1
170806,0
170807,0
170808,1
170809,1
170810,1
170811,1
170812,0
170813,0
170814,0
170815,1
170816,0
170817,0
170818,2
170819,0
170820,0
170821,0
170822,0
170823,2
170824,0
170825,0
170826,0
170827,0
170828,0
170829,1
170830,1
170831,0
170832,1
170833,1
170834,1
170835,1
170836,0
170837,0
170838,0
170839,0
170840,1
170841,1
170842,1
170843,1
170844,0
170845,1
170846,1
170847,1
170848,1
170849,1
170850,1
170851,0
170852,0
170853,0
170854,0
170855,0
170856,0
170857,0
170858,0
170859,0
170860,0
170861,0
170862,0
170863,0
170864,0
170865,0
170866,0
170867,0
170868,0
170869,0
170870,0
170871,0
170872,0
170873,0
170874,0
170875,0
170876,0
170877,1
170878,0
170879,0
170880,0
170881,0
170882,0
170883,0
170884,0
170885,0
170886,0
170887,0
170888,0
170889,0
170890,0
170891,0
170892,0
170893,0
170894,0
170895,0
170896,0
170897,0
170898,2
170899,0
170900,0
170901,0
170902,0
170903,0
170904,1
170905,1
170906,0
170907,0
170908,1
170909,1
170910,1
170911,1
170912,0
170913,0
170914,0
170915,1
170916,1
170917,1
170918,1
170919,1
170920,3
170921,1
170922,1
170923,1
170924,1
170925,1
170926,0
170927,1
170928,1
170929,1
170930,1
170931,1
170932,1
170933,0
170934,1
170935,1
170936,2
170937,0
170938,0
170939,1
170940,1
170941,1
170942,1
170943,1
170944,2
170945,0
170946,0
170947,2
170948,1
170949,3
170950,1
170951,0
170952,0
170953,0
170954,0
170955,0
170956,1
170957,0
170958,0
170959,0
170960,0
170961,0
170962,0
170963,0
170964,0
170965,0
170966,0
170967,1
170968,0
170969,0
170970,0
170971,0
170972,0
170973,0
170974,0
170975,0
170976,1
170977,1
170978,2
170979,0
170980,0
170981,0
170982,0
170983,0
170984,0
170985,0
170986,0
170987,0
170988,0
170989,0
170990,2
170991,2
170992,2
170993,2
170994,2
170995,0
170996,0
170997,0
170998,0
170999,0
171000,2
171001,2
171002,2
171003,2
171004,2
171005,2
171006,0
171007,0
171008,2
171009,0
171010,0
171011,0
171012,0
171013,0
171014,1
171015,0
171016,0
171017,0
171018,0
171019,0
171020,0
171021,0
171022,0
171023,0
171024,0
171025,0
171026,0
171027,0
171028,0
171029,0
171030,0
171031,0
171032,0
171033,2
171034,0
171035,0
171036,0
171037,0
171038,0
171039,0
171040,0
171041,0
171042,0
171043,0
171044,0
171045,0
171046,0
171047,0
171048,0
171049,0
171050,0
171051,2
171052,0
171053,0
171054,0
171055,0
171056,0
171057,0
171058,0
171059,0
171060,0
171061,0
171062,0
171063,0
171064,0
171065,0
171066,1
171067,1
171068,0
171069,0
171070,0
171071,0
171072,0
171073,0
171074,0
171075,0
171076,0
171077,0
171078,0
171079,0
171080,0
171081,0
171082,0
171083,0
171084,0
171085,0
171086,0
171087,3
171088,1
171089,0
171090,3
171091,0
171092,0
171093,1
171094,3
171095,1
171096,2
171097,2
171098,0
171099,0
171100,0
171101,0
171102,0
171103,0
171104,0
171105,0
171106,0
171107,0
171108,0
171109,0
171110,0
171111,0
171112,0
171113,0
171114,0
171115,0
171116,0
171117,2
171118,0
171119,0
171120,0
171121,0
171122,4
171123,2
171124,2
171125,2
171126,0
171127,0
171128,0
171129,0
171130,0
171131,0
171132,1
171133,1
171134,0
171135,0
171136,0
171137,0
171138,0
171139,0
171140,0
171141,0
171142,0
171143,0
171144,0
171145,0
171146,1
171147,0
171148,0
171149,0
171150,0
171151,0
171152,0
171153,0
171154,2
171155,2
171156,1
171157,1
171158,1
171159,2
171160,0
171161,2
171162,4
171163,2
171164,1
171165,0
171166,1
171167,0
171168,2
171169,2
171170,0
171171,0
171172,0
171173,0
171174,0
171175,0
171176,1
171177,0
171178,0
171179,0
171180,1
171181,1
171182,1
171183,1
171184,1
171185,1
171186,0
171187,0
171188,0
171189,0
171190,0
171191,0
171192,0
171193,0
171194,0
171195,0
171196,0
171197,0
171198,0
171199,0
171200,0
171201,0
171202,0
171203,0
171204,0
171205,0
171206,1
171207,0
171208,0
171209,0
171210,0
171211,1
171212,1
171213,1
171214,0
171215,0
171216,0
171217,0
171218,0
171219,0
171220,0
171221,0
171222,0
171223,0
171224,0
171225,0
171226,0
171227,0
171228,0
171229,0
171230,1
171231,0
171232,0
171233,0
171234,0
171235,0
171236,0
171237,2
171238,2
171239,2
171240,2
171241,0
171242,0
171243,0
171244,0
171245,0
171246,0
171247,0
171248,0
171249,0
171250,0
171251,0
171252,0
171253,0
171254,0
171255,0
171256,0
171257,0
171258,1
171259,0
171260,0
171261,0
171262,0
171263,0
171264,0
171265,0
171266,0
171267,0
171268,0
171269,0
171270,0
171271,0
171272,0
171273,0
171274,0
171275,0
171276,0
171277,0
171278,2
171279,2
171280,2
171281,0
171282,0
171283,0
171284,0
171285,0
171286,0
171287,0
171288,0
171289,0
171290,0
171291,0
171292,0
171293,0
171294,0
171295,0
171296,2
171297,2
171298,2
171299,2
171300,2
171301,2
171302,0
171303,0
171304,0
171305,0
171306,0
171307,0
171308,0
171309,0
171310,0
171311,0
171312,0
171313,1
171314,1
171315,1
171316,1
171317,0
171318,0
171319,0
171320,1
171321,1
171322,0
171323,0
171324,0
171325,2
171326,2
171327,0
171328,0
171329,0
171330,0
171331,0
171332,0
171333,0
171334,0
171335,0
171336,0
171337,0
171338,0
171339,0
171340,0
171341,0
171342,0
171343,0
171344,1
171345,1
171346,1
171347,1
171348,0
171349,0
171350,4
171351,0
171352,0
171353,0
171354,0
171355,4
171356,4
171357,2
171358,0
171359,2
171360,2
171361,0
171362,4
171363,2
171364,0
171365,0
171366,0
171367,0
171368,0
171369,0
171370,0
171371,0
171372,2
171373,0
171374,4
171375,4
171376,2
171377,2
171378,2
171379,0
171380,2
171381,0
171382,0
171383,0
171384,2
171385,0
171386,0
171387,2
171388,2
171389,2
171390,0
171391,0
171392,0
171393,1
171394,0
171395,0
171396,2
171397,2
171398,0
171399,0
171400,0
171401,0
171402,0
171403,0
171404,0
171405,2
171406,0
171407,0
171408,0
171409,0
171410,2
171411,2
171412,1
171413,1
171414,1
171415,0
171416,0
171417,0
171418,0
171419,2
171420,2
171421,2
171422,1
171423,1
171424,1
171425,1
171426,0
171427,0
171428,0
171429,0
171430,0
171431,0
171432,0
171433,0
171434,0
171435,2
171436,1
171437,0
171438,0
171439,0
171440,0
171441,0
171442,0
171443,0
171444,0
171445,0
171446,0
171447,0
171448,0
171449,0
171450,0
171451,0
171452,0
171453,0
171454,1
171455,1
171456,0
171457,0
171458,0
171459,0
171460,0
171461,0
171462,2
171463,4
171464,4
171465,4
171466,0
171467,0
171468,0
171469,0
171470,0
171471,0
171472,2
171473,0
171474,0
171475,0
171476,2
171477,2
171478,2
171479,2
171480,2
171481,0
171482,0
171483,0
171484,0
171485,0
171486,0
171487,0
171488,0
171489,0
171490,0
171491,0
171492,0
171493,0
171494,0
171495,0
171496,0
171497,0
171498,0
171499,0
171500,0
171501,0
171502,0
171503,0
171504,0
171505,0
171506,0
171507,0
171508,0
171509,0
171510,2
171511,0
171512,0
171513,0
171514,0
171515,0
171516,0
171517,2
171518,2
171519,0
171520,0
171521,0
171522,0
171523,0
171524,0
171525,0
171526,0
171527,0
171528,0
171529,0
171530,0
171531,0
171532,0
171533,0
171534,0
171535,0
171536,0
171537,0
171538,0
171539,0
171540,0
171541,0
171542,0
171543,0
171544,0
171545,0
171546,0
171547,0
171548,0
171549,0
171550,0
171551,0
171552,0
171553,0
171554,0
171555,0
171556,0
171557,0
171558,0
171559,0
171560,0
171561,1
171562,1
171563,1
171564,0
171565,1
171566,0
171567,0
171568,0
171569,0
171570,0
171571,0
171572,0
171573,0
171574,0
171575,0
171576,0
171577,2
171578,0
171579,0
171580,0
171581,0
171582,0
171583,0
171584,0
171585,0
171586,1
171587,1
171588,1
171589,0
171590,0
171591,0
171592,0
171593,0
171594,0
171595,0
171596,0
171597,1
171598,1
171599,0
171600,0
171601,2
171602,2
171603,0
171604,1
171605,0
171606,0
171607,0
171608,0
171609,0
171610,0
171611,0
171612,0
171613,0
171614,0
171615,0
171616,0
171617,0
171618,0
171619,0
171620,1
171621,1
171622,0
171623,1
171624,3
171625,1
171626,1
171627,0
171628,0
171629,0
171630,0
171631,0
171632,0
171633,0
171634,0
171635,0
171636,2
171637,0
171638,0
171639,0
171640,0
171641,0
171642,0
171643,0
171644,0
171645,0
171646,0
171647,0
171648,0
171649,0
171650,0
171651,0
171652,0
171653,0
171654,0
171655,0
171656,0
171657,0
171658,0
171659,0
171660,0
171661,0
171662,0
171663,4
171664,4
171665,0
171666,0
171667,0
171668,0
171669,0
171670,0
171671,4
171672,0
171673,0
171674,4
171675,4
171676,0
171677,0
171678,0
171679,0
171680,0
171681,1
171682,0
171683,0
171684,0
171685,0
171686,0
171687,0
171688,0
171689,1
171690,0
171691,0
171692,1
171693,1
171694,0
171695,0
171696,0
171697,1
171698,0
171699,0
171700,2
171701,2
171702,2
171703,0
171704,0
171705,0
171706,0
171707,0
171708,0
171709,0
171710,0
171711,0
171712,0
171713,0
171714,0
171715,0
171716,0
171717,2
171718,2
171719,0
171720,0
171721,0
171722,0
171723,2
171724,2
171725,0
171726,2
171727,0
171728,0
171729,2
171730,0
171731,2
171732,0
171733,0
171734,0
171735,0
171736,0
171737,0
171738,0
171739,0
171740,0
171741,0
171742,0
171743,0
171744,0
171745,0
171746,0
171747,1
171748,1
171749,1
171750,1
171751,0
171752,0
171753,0
171754,1
171755,1
171756,1
171757,0
171758,1
171759,1
171760,2
171761,2
171762,0
171763,0
171764,0
171765,0
171766,0
171767,0
171768,0
171769,0
171770,0
171771,0
171772,0
171773,0
171774,0
171775,0
171776,2
171777,2
171778,0
171779,0
171780,0
171781,0
171782,0
171783,2
171784,2
171785,0
171786,0
171787,2
171788,2
171789,0
171790,0
171791,2
171792,2
171793,2
171794,0
171795,0
171796,1
171797,1
171798,0
171799,0
171800,0
171801,0
171802,0
171803,0
171804,0
171805,1
171806,0
171807,0
171808,1
171809,1
171810,1
171811,0
171812,1
171813,0
171814,1
171815,1
171816,0
171817,0
171818,0
171819,0
171820,1
171821,1
171822,0
171823,0
171824,0
171825,0
171826,1
171827,1
171828,1
171829,1
171830,0
171831,1
171832,0
171833,0
171834,0
171835,0
171836,0
171837,0
171838,0
171839,0
171840,0
171841,0
171842,0
171843,0
171844,0
171845,0
171846,0
171847,0
171848,0
171849,0
171850,0
171851,0
171852,0
171853,0
171854,0
171855,1
171856,0
171857,0
171858,0
171859,0
171860,0
171861,0
171862,0
171863,0
171864,0
171865,0
171866,0
171867,0
171868,0
171869,0
171870,0
171871,0
171872,0
171873,0
171874,0
171875,0
171876,0
171877,0
171878,0
171879,0
171880,1
171881,0
171882,0
171883,1
171884,2
171885,2
171886,2
171887,2
171888,2
171889,0
171890,0
171891,0
171892,0
171893,0
171894,0
171895,0
171896,0
171897,0
171898,0
171899,0
171900,0
171901,0
171902,0
171903,0
171904,2
171905,0
171906,0
171907,0
171908,0
171909,0
171910,1
171911,0
171912,0
171913,0
171914,0
171915,0
171916,0
171917,0
171918,0
171919,0
171920,0
171921,0
171922,0
171923,0
171924,0
171925,0
171926,0
171927,0
171928,0
171929,1
171930,1
171931,0
171932,0
171933,1
171934,0
171935,0
171936,0
171937,0
171938,0
171939,0
171940,0
171941,0
171942,0
171943,0
171944,0
171945,0
171946,0
171947,0
171948,0
171949,0
171950,0
171951,0
171952,0
171953,0
171954,0
171955,0
171956,0
171957,0
171958,0
171959,0
171960,0
171961,0
171962,0
171963,0
171964,0
171965,2
171966,0
171967,0
171968,0
171969,0
171970,0
171971,0
171972,0
171973,0
171974,0
171975,0
171976,0
171977,0
171978,0
171979,0
171980,0
171981,1
171982,0
171983,0
171984,0
171985,0
171986,0
171987,0
171988,0
171989,0
171990,0
171991,0
171992,0
171993,3
171994,0
171995,1
171996,1
171997,1
171998,0
171999,0
172000,0
172001,0
172002,0
172003,0
172004,0
172005,0
172006,0
172007,0
172008,1
172009,0
172010,0
172011,0
172012,0
172013,0
172014,0
172015,0
172016,0
172017,0
172018,0
172019,0
172020,0
172021,0
172022,0
172023,0
172024,0
172025,0
172026,0
172027,0
172028,0
172029,0
172030,0
172031,0
172032,0
172033,2
172034,0
172035,0
172036,0
172037,0
172038,0
172039,2
172040,0
172041,1
172042,0
172043,0
172044,0
172045,0
172046,0
172047,0
172048,0
172049,0
172050,0
172051,0
172052,0
172053,0
172054,0
172055,0
172056,0
172057,0
172058,0
172059,0
172060,0
172061,0
172062,0
172063,0
172064,0
172065,0
172066,0
172067,0
172068,0
172069,2
172070,0
172071,0
172072,0
172073,0
172074,0
172075,0
172076,0
172077,0
172078,0
172079,0
172080,2
172081,0
172082,0
172083,0
172084,0
172085,0
172086,0
172087,0
172088,0
172089,0
172090,0
172091,0
172092,0
172093,1
172094,0
172095,0
172096,0
172097,0
172098,0
172099,0
172100,0
172101,0
172102,1
172103,1
172104,0
172105,0
172106,0
172107,1
172108,1
172109,0
172110,0
172111,0
172112,0
172113,1
172114,1
172115,0
172116,0
172117,0
172118,0
172119,0
172120,0
172121,0
172122,0
172123,2
172124,0
172125,2
172126,2
172127,2
172128,2
172129,0
172130,0
172131,0
172132,0
172133,0
172134,0
172135,0
172136,0
172137,0
172138,0
172139,0
172140,0
172141,3
172142,3
172143,0
172144,0
172145,0
172146,3
172147,3
172148,1
172149,1
172150,1
172151,1
172152,0
172153,3
172154,3
172155,3
172156,3
172157,1
172158,0
172159,0
172160,0
172161,0
172162,0
172163,0
172164,0
172165,1
172166,1
172167,1
172168,0
172169,1
172170,0
172171,0
172172,1
172173,1
172174,0
172175,0
172176,1
172177,1
172178,1
172179,3
172180,3
172181,1
172182,1
172183,0
172184,0
172185,0
172186,0
172187,0
172188,2
172189,2
172190,2
172191,2
172192,2
172193,0
172194,0
172195,0
172196,0
172197,0
172198,0
172199,0
172200,1
172201,1
172202,0
172203,0
172204,2
172205,2
172206,2
172207,2
172208,2
172209,0
172210,0
172211,2
172212,2
172213,2
172214,2
172215,0
172216,0
172217,0
172218,0
172219,0
172220,0
172221,0
172222,0
172223,0
172224,0
172225,0
172226,0
172227,0
172228,0
172229,0
172230,0
172231,0
172232,0
172233,0
172234,0
172235,2
172236,0
172237,0
172238,0
172239,0
172240,0
172241,0
172242,0
172243,0
172244,0
172245,0
172246,0
172247,0
172248,0
172249,1
172250,1
172251,1
172252,0
172253,1
172254,0
172255,0
172256,0
172257,0
172258,1
172259,1
172260,0
172261,0
172262,2
172263,2
172264,2
172265,2
172266,0
172267,0
172268,0
172269,0
172270,0
172271,0
172272,0
172273,0
172274,0
172275,2
172276,0
172277,1
172278,0
172279,0
172280,0
172281,0
172282,0
172283,0
172284,0
172285,0
172286,0
172287,0
172288,0
172289,1
172290,1
172291,1
172292,1
172293,1
172294,0
172295,0
172296,1
172297,0
172298,0
172299,0
172300,0
172301,0
172302,0
172303,0
172304,0
172305,0
172306,0
172307,2
172308,0
172309,0
172310,0
172311,0
172312,0
172313,0
172314,0
172315,0
172316,0
172317,0
172318,0
172319,0
172320,0
172321,0
172322,0
172323,0
172324,0
172325,0
172326,0
172327,0
172328,0
172329,0
172330,0
172331,0
172332,0
172333,2
172334,0
172335,0
172336,1
172337,1
172338,0
172339,0
172340,0
172341,0
172342,1
172343,1
172344,0
172345,1
172346,0
172347,0
172348,0
172349,0
172350,0
172351,0
172352,0
172353,0
172354,0
172355,0
172356,0
172357,0
172358,0
172359,0
172360,0
172361,0
172362,2
172363,0
172364,0
172365,0
172366,1
172367,1
172368,0
172369,0
172370,0
172371,0
172372,0
172373,1
172374,0
172375,1
172376,1
172377,0
172378,0
172379,0
172380,0
172381,0
172382,0
172383,0
172384,0
172385,0
172386,0
172387,0
172388,0
172389,0
172390,0
172391,0
172392,0
172393,0
172394,0
172395,0
172396,0
172397,0
172398,0
172399,0
172400,0
172401,0
172402,0
172403,0
172404,0
172405,0
172406,2
172407,2
172408,0
172409,2
172410,2
172411,2
172412,0
172413,0
172414,1
172415,1
172416,0
172417,0
172418,0
172419,0
172420,0
172421,0
172422,0
172423,1
172424,1
172425,0
172426,0
172427,0
172428,0
172429,0
172430,1
172431,1
172432,0
172433,0
172434,1
172435,1
172436,1
172437,1
172438,1
172439,0
172440,0
172441,0
172442,0
172443,0
172444,0
172445,0
172446,0
172447,2
172448,0
172449,0
172450,1
172451,2
172452,0
172453,0
172454,0
172455,0
172456,0
172457,0
172458,0
172459,0
172460,0
172461,0
172462,0
172463,0
172464,0
172465,0
172466,0
172467,0
172468,2
172469,0
172470,2
172471,2
172472,2
172473,0
172474,0
172475,0
172476,0
172477,2
172478,2
172479,0
172480,0
172481,0
172482,0
172483,0
172484,2
172485,0
172486,0
172487,0
172488,0
172489,2
172490,0
172491,1
172492,0
172493,0
172494,0
172495,0
172496,0
172497,0
172498,0
172499,0
172500,0
172501,0
172502,0
172503,0
172504,2
172505,0
172506,0
172507,0
172508,0
172509,0
172510,0
172511,0
172512,0
172513,0
172514,0
172515,2
172516,2
172517,0
172518,0
172519,0
172520,0
172521,0
172522,3
172523,0
172524,0
172525,0
172526,0
172527,0
172528,0
172529,0
172530,0
172531,0
172532,0
172533,0
172534,0
172535,2
172536,0
172537,2
172538,1
172539,1
172540,0
172541,1
172542,0
172543,0
172544,0
172545,1
172546,0
172547,0
172548,0
172549,1
172550,1
172551,1
172552,1
172553,1
172554,1
172555,0
172556,0
172557,1
172558,1
172559,0
172560,0
172561,0
172562,0
172563,0
172564,0
172565,0
172566,1
172567,1
172568,1
172569,1
172570,1
172571,1
172572,1
172573,1
172574,1
172575,1
172576,0
172577,0
172578,0
172579,0
172580,0
172581,0
172582,0
172583,0
172584,0
172585,0
172586,0
172587,0
172588,1
172589,1
172590,0
172591,1
172592,1
172593,1
172594,1
172595,0
172596,0
172597,0
172598,0
172599,0
172600,0
172601,0
172602,0
172603,0
172604,1
172605,0
172606,0
172607,0
172608,0
172609,0
172610,0
172611,0
172612,0
172613,0
172614,0
172615,0
172616,0
172617,0
172618,0
172619,0
172620,1
172621,1
172622,1
172623,0
172624,1
172625,1
172626,1
172627,0
172628,0
172629,0
172630,0
172631,0
172632,0
172633,0
172634,1
172635,0
172636,1
172637,0
172638,0
172639,0
172640,0
172641,0
172642,0
172643,0
172644,1
172645,1
172646,0
172647,0
172648,0
172649,0
172650,0
172651,0
172652,0
172653,0
172654,0
172655,0
172656,0
172657,0
172658,0
172659,0
172660,0
172661,0
172662,0
172663,0
172664,0
172665,0
172666,0
172667,0
172668,0
172669,0
172670,0
172671,0
172672,0
172673,0
172674,0
172675,0
172676,0
172677,0
172678,0
172679,0
172680,0
172681,0
172682,0
172683,0
172684,0
172685,0
172686,0
172687,0
172688,1
172689,1
172690,0
172691,2
172692,0
172693,0
172694,0
172695,0
172696,1
172697,1
172698,1
172699,0
172700,1
172701,0
172702,0
172703,0
172704,0
172705,0
172706,0
172707,0
172708,0
172709,0
172710,0
172711,0
172712,0
172713,0
172714,0
172715,0
172716,0
172717,0
172718,0
172719,0
172720,0
172721,0
172722,0
172723,0
172724,0
172725,1
172726,1
172727,1
172728,1
172729,1
172730,1
172731,1
172732,1
172733,1
172734,1
172735,0
172736,0
172737,0
172738,0
172739,0
172740,1
172741,1
172742,1
172743,0
172744,0
172745,0
172746,0
172747,1
172748,1
172749,0
172750,0
172751,0
172752,0
172753,0
172754,0
172755,0
172756,0
172757,1
172758,0
172759,0
172760,0
172761,1
172762,0
172763,0
172764,0
172765,0
172766,1
172767,1
172768,1
172769,1
172770,1
172771,0
172772,0
172773,0
172774,0
172775,0
172776,0
172777,0
172778,0
172779,1
172780,1
172781,1
172782,0
172783,0
172784,0
172785,0
172786,0
172787,0
172788,0
172789,1
172790,2
172791,0
172792,2
172793,0
172794,0
172795,0
172796,0
172797,1
172798,0
172799,0
172800,0
172801,0
172802,0
172803,0
172804,0
172805,0
172806,0
172807,0
172808,0
172809,1
172810,0
172811,1
172812,1
172813,0
172814,0
172815,0
172816,0
172817,1
172818,1
172819,1
172820,0
172821,0
172822,0
172823,0
172824,1
172825,0
172826,0
172827,0
172828,0
172829,2
172830,2
172831,2
172832,0
172833,0
172834,2
172835,2
172836,0
172837,0
172838,0
172839,0
172840,0
172841,0
172842,2
172843,2
172844,2
172845,0
172846,0
172847,0
172848,0
172849,0
172850,0
172851,0
172852,0
172853,3
172854,3
172855,3
172856,3
172857,3
172858,0
172859,1
172860,0
172861,0
172862,0
172863,0
172864,0
172865,0
172866,0
172867,0
172868,0
172869,0
172870,0
172871,0
172872,0
172873,1
172874,2
172875,2
172876,2
172877,1
172878,0
172879,1
172880,0
172881,0
172882,0
172883,1
172884,1
172885,0
172886,0
172887,0
172888,0
172889,0
172890,0
172891,0
172892,0
172893,2
172894,0
172895,0
172896,0
172897,0
172898,0
172899,0
172900,0
172901,2
172902,0
172903,0
172904,2
172905,2
172906,0
172907,0
172908,0
172909,0
172910,2
172911,0
172912,2
172913,0
172914,0
172915,0
172916,0
172917,0
172918,0
172919,0
172920,1
172921,0
172922,0
172923,0
172924,0
172925,0
172926,0
172927,0
172928,0
172929,0
172930,0
172931,0
172932,0
172933,0
172934,0
172935,0
172936,2
172937,0
172938,0
172939,0
172940,0
172941,0
172942,0
172943,0
172944,0
172945,0
172946,0
172947,0
172948,0
172949,0
172950,0
172951,1
172952,0
172953,0
172954,0
172955,0
172956,0
172957,0
172958,0
172959,1
172960,1
172961,0
172962,0
172963,0
172964,0
172965,0
172966,0
172967,0
172968,0
172969,0
172970,0
172971,0
172972,0
172973,0
172974,0
172975,0
172976,0
172977,0
172978,0
172979,1
172980,1
172981,1
172982,1
172983,0
172984,1
172985,1
172986,0
172987,1
172988,1
172989,0
172990,2
172991,0
172992,0
172993,0
172994,0
172995,1
172996,1
172997,0
172998,2
172999,2
173000,0
173001,2
173002,2
173003,2
173004,0
173005,0
173006,0
173007,0
173008,0
173009,0
173010,0
173011,0
173012,0
173013,0
173014,0
173015,0
173016,0
173017,0
173018,0
173019,0
173020,0
173021,0
173022,0
173023,0
173024,0
173025,0
173026,1
173027,0
173028,1
173029,0
173030,0
173031,0
173032,0
173033,0
173034,0
173035,0
173036,0
173037,0
173038,0
173039,1
173040,0
173041,2
173042,0
173043,0
173044,0
173045,0
173046,0
173047,0
173048,0
173049,0
173050,0
173051,0
173052,0
173053,1
173054,0
173055,1
173056,1
173057,0
173058,0
173059,0
173060,0
173061,0
173062,0
173063,0
173064,0
173065,0
173066,0
173067,0
173068,0
173069,0
173070,0
173071,0
173072,1
173073,1
173074,1
173075,1
173076,1
173077,0
173078,1
173079,1
173080,1
173081,0
173082,0
173083,0
173084,0
173085,0
173086,0
173087,0
173088,0
173089,0
173090,0
173091,0
173092,0
173093,0
173094,0
173095,0
173096,0
173097,0
173098,1
173099,1
173100,0
173101,0
173102,0
173103,0
173104,0
173105,0
173106,0
173107,1
173108,1
173109,1
173110,0
173111,0
173112,1
173113,3
173114,0
173115,3
173116,3
173117,3
173118,3
173119,1
173120,0
173121,0
173122,0
173123,0
173124,0
173125,0
173126,0
173127,0
173128,0
173129,0
173130,0
173131,0
173132,0
173133,0
173134,0
173135,0
173136,2
173137,2
173138,0
173139,0
173140,0
173141,0
173142,2
173143,0
173144,0
173145,0
173146,0
173147,0
173148,0
173149,0
173150,0
173151,0
173152,2
173153,2
173154,0
173155,0
173156,0
173157,0
173158,0
173159,2
173160,0
173161,0
173162,0
173163,0
173164,2
173165,2
173166,2
173167,0
173168,0
173169,0
173170,0
173171,0
173172,0
173173,0
173174,0
173175,0
173176,0
173177,0
173178,0
173179,0
173180,0
173181,0
173182,0
173183,0
173184,0
173185,0
173186,0
173187,0
173188,0
173189,0
173190,0
173191,0
173192,1
173193,1
173194,1
173195,0
173196,0
173197,0
173198,0
173199,0
173200,0
173201,2
173202,2
173203,0
173204,0
173205,2
173206,0
173207,0
173208,0
173209,0
173210,0
173211,0
173212,0
173213,0
173214,0
173215,0
173216,0
173217,1
173218,0
173219,0
173220,0
173221,1
173222,1
173223,1
173224,1
173225,1
173226,0
173227,0
173228,0
173229,1
173230,1
173231,0
173232,0
173233,0
173234,1
173235,1
173236,0
173237,1
173238,0
173239,1
173240,1
173241,1
173242,1
173243,1
173244,0
173245,1
173246,1
173247,1
173248,0
173249,1
173250,0
173251,0
173252,1
173253,0
173254,1
173255,1
173256,0
173257,0
173258,0
173259,0
173260,0
173261,0
173262,0
173263,0
173264,0
173265,0
173266,0
173267,0
173268,0
173269,0
173270,0
173271,0
173272,0
173273,0
173274,0
173275,0
173276,0
173277,0
173278,0
173279,1
173280,1
173281,1
173282,1
173283,1
173284,1
173285,1
173286,1
173287,0
173288,1
173289,1
173290,1
173291,1
173292,1
173293,1
173294,1
173295,1
173296,1
173297,1
173298,1
173299,1
173300,0
173301,1
173302,1
173303,1
173304,1
173305,0
173306,0
173307,0
173308,0
173309,0
173310,0
173311,0
173312,0
173313,0
173314,0
173315,0
173316,0
173317,0
173318,0
173319,0
173320,0
173321,0
173322,0
173323,0
173324,0
173325,0
173326,0
173327,0
173328,0
173329,0
173330,0
173331,0
173332,0
173333,0
173334,0
173335,0
173336,0
173337,0
173338,0
173339,0
173340,0
173341,0
173342,0
173343,0
173344,0
173345,0
173346,0
173347,0
173348,0
173349,0
173350,0
173351,0
173352,0
173353,0
173354,0
173355,0
173356,0
173357,0
173358,0
173359,0
173360,1
173361,1
173362,0
173363,0
173364,0
173365,0
173366,0
173367,0
173368,1
173369,1
173370,0
173371,0
173372,1
173373,1
173374,0
173375,0
173376,1
173377,0
173378,0
173379,0
173380,0
173381,0
173382,0
173383,1
173384,1
173385,1
173386,1
173387,0
173388,0
173389,0
173390,0
173391,0
173392,0
173393,0
173394,0
173395,1
173396,1
173397,1
173398,0
173399,2
173400,2
173401,0
173402,0
173403,0
173404,0
173405,0
173406,0
173407,0
173408,0
173409,0
173410,1
173411,0
173412,0
173413,1
173414,1
173415,1
173416,0
173417,0
173418,0
173419,0
173420,0
173421,0
173422,0
173423,0
173424,0
173425,0
173426,0
173427,0
173428,0
173429,0
173430,0
173431,0
173432,0
173433,0
173434,0
173435,0
173436,0
173437,3
173438,1
173439,0
173440,0
173441,0
173442,0
173443,0
173444,0
173445,0
173446,0
173447,0
173448,0
173449,0
173450,0
173451,0
173452,2
173453,2
173454,0
173455,0
173456,0
173457,0
173458,0
173459,0
173460,0
173461,0
173462,0
173463,0
173464,2
173465,4
173466,2
173467,2
173468,0
173469,0
173470,2
173471,0
173472,0
173473,2
173474,0
173475,2
173476,1
173477,0
173478,0
173479,1
173480,1
173481,1
173482,1
173483,1
173484,1
173485,1
173486,0
173487,0
173488,0
173489,0
173490,0
173491,0
173492,0
173493,2
173494,2
173495,0
173496,0
173497,0
173498,0
173499,0
173500,1
173501,1
173502,0
173503,0
173504,0
173505,0
173506,0
173507,0
173508,0
173509,0
173510,0
173511,0
173512,0
173513,0
173514,0
173515,0
173516,0
173517,0
173518,0
173519,0
173520,0
173521,0
173522,0
173523,0
173524,0
173525,0
173526,0
173527,0
173528,0
173529,0
173530,2
173531,0
173532,1
173533,0
173534,0
173535,0
173536,0
173537,0
173538,0
173539,0
173540,0
173541,0
173542,0
173543,0
173544,0
173545,0
173546,0
173547,0
173548,0
173549,0
173550,0
173551,0
173552,0
173553,0
173554,1
173555,0
173556,0
173557,0
173558,1
173559,1
173560,1
173561,1
173562,1
173563,1
173564,1
173565,1
173566,0
173567,0
173568,1
173569,0
173570,2
173571,0
173572,0
173573,2
173574,0
173575,1
173576,1
173577,1
173578,1
173579,0
173580,1
173581,0
173582,0
173583,0
173584,0
173585,0
173586,0
173587,0
173588,0
173589,0
173590,0
173591,0
173592,0
173593,0
173594,0
173595,0
173596,0
173597,0
173598,0
173599,0
173600,0
173601,0
173602,0
173603,0
173604,0
173605,0
173606,0
173607,0
173608,0
173609,0
173610,0
173611,0
173612,0
173613,0
173614,1
173615,1
173616,1
173617,1
173618,1
173619,1
173620,1
173621,1
173622,0
173623,1
173624,0
173625,0
173626,0
173627,0
173628,0
173629,0
173630,0
173631,0
173632,0
173633,0
173634,0
173635,0
173636,0
173637,0
173638,0
173639,0
173640,0
173641,0
173642,0
173643,2
173644,0
173645,0
173646,0
173647,0
173648,0
173649,0
173650,0
173651,2
173652,2
173653,0
173654,0
173655,0
173656,0
173657,0
173658,0
173659,0
173660,0
173661,0
173662,0
173663,0
173664,0
173665,0
173666,0
173667,0
173668,0
173669,0
173670,0
173671,0
173672,0
173673,0
173674,0
173675,0
173676,0
173677,0
173678,0
173679,0
173680,0
173681,0
173682,2
173683,0
173684,0
173685,0
173686,0
173687,0
173688,0
173689,0
173690,0
173691,0
173692,0
173693,2
173694,2
173695,2
173696,0
173697,2
173698,0
173699,0
173700,0
173701,0
173702,0
173703,0
173704,0
173705,0
173706,0
173707,0
173708,1
173709,0
173710,0
173711,0
173712,0
173713,0
173714,0
173715,0
173716,0
173717,0
173718,0
173719,0
173720,0
173721,0
173722,0
173723,0
173724,0
173725,1
173726,1
173727,1
173728,1
173729,1
173730,1
173731,1
173732,0
173733,0
173734,1
173735,1
173736,1
173737,1
173738,1
173739,1
173740,1
173741,0
173742,0
173743,0
173744,2
173745,3
173746,2
173747,2
173748,2
173749,0
173750,2
173751,2
173752,0
173753,2
173754,2
173755,2
173756,0
173757,0
173758,0
173759,0
173760,0
173761,0
173762,0
173763,0
173764,0
173765,0
173766,0
173767,1
173768,0
173769,0
173770,0
173771,0
173772,0
173773,0
173774,0
173775,0
173776,0
173777,0
173778,1
173779,1
173780,1
173781,1
173782,1
173783,1
173784,0
173785,0
173786,0
173787,4
173788,4
173789,4
173790,4
173791,4
173792,4
173793,0
173794,0
173795,2
173796,2
173797,2
173798,2
173799,2
173800,2
173801,0
173802,2
173803,0
173804,0
173805,2
173806,0
173807,0
173808,0
173809,0
173810,0
173811,0
173812,0
173813,0
173814,0
173815,0
173816,0
173817,1
173818,0
173819,0
173820,0
173821,0
173822,0
173823,0
173824,0
173825,0
173826,0
173827,0
173828,1
173829,0
173830,0
173831,0
173832,0
173833,0
173834,0
173835,0
173836,0
173837,1
173838,1
173839,0
173840,0
173841,0
173842,0
173843,0
173844,0
173845,0
173846,0
173847,0
173848,0
173849,1
173850,0
173851,0
173852,0
173853,0
173854,0
173855,0
173856,0
173857,0
173858,0
173859,0
173860,0
173861,0
173862,0
173863,0
173864,0
173865,0
173866,0
173867,0
173868,0
173869,0
173870,0
173871,0
173872,0
173873,0
173874,0
173875,0
173876,0
173877,0
173878,0
173879,0
173880,0
173881,0
173882,0
173883,0
173884,0
173885,0
173886,0
173887,0
173888,0
173889,0
173890,0
173891,0
173892,0
173893,0
173894,0
173895,0
173896,0
173897,0
173898,0
173899,0
173900,0
173901,0
173902,0
173903,0
173904,0
173905,0
173906,1
173907,0
173908,0
173909,0
173910,0
173911,0
173912,2
173913,2
173914,2
173915,0
173916,2
173917,1
173918,0
173919,0
173920,0
173921,0
173922,0
173923,0
173924,0
173925,0
173926,0
173927,0
173928,0
173929,0
173930,0
173931,2
173932,0
173933,0
173934,0
173935,0
173936,0
173937,0
173938,0
173939,0
173940,0
173941,0
173942,0
173943,0
173944,0
173945,0
173946,2
173947,2
173948,0
173949,0
173950,2
173951,2
173952,2
173953,2
173954,2
173955,0
173956,0
173957,0
173958,0
173959,0
173960,0
173961,0
173962,0
173963,0
173964,0
173965,0
173966,0
173967,0
173968,0
173969,0
173970,0
173971,0
173972,0
173973,0
173974,0
173975,0
173976,0
173977,0
173978,0
173979,0
173980,0
173981,0
173982,0
173983,0
173984,0
173985,0
173986,0
173987,0
173988,0
173989,0
173990,0
173991,0
173992,2
173993,2
173994,0
173995,0
173996,0
173997,0
173998,0
173999,4
174000,2
174001,2
174002,2
174003,1
174004,1
174005,1
174006,1
174007,1
174008,1
174009,0
174010,0
174011,0
174012,0
174013,0
174014,0
174015,0
174016,0
174017,0
174018,1
174019,1
174020,1
174021,1
174022,0
174023,0
174024,0
174025,0
174026,0
174027,0
174028,0
174029,0
174030,1
174031,0
174032,0
174033,0
174034,0
174035,0
174036,0
174037,0
174038,1
174039,0
174040,0
174041,0
174042,0
174043,0
174044,0
174045,0
174046,0
174047,1
174048,4
174049,1
174050,1
174051,1
174052,1
174053,0
174054,1
174055,0
174056,1
174057,1
174058,1
174059,0
174060,0
174061,0
174062,0
174063,1
174064,1
174065,0
174066,0
174067,0
174068,0
174069,0
174070,0
174071,0
174072,1
174073,0
174074,0
174075,0
174076,0
174077,0
174078,0
174079,0
174080,0
174081,0
174082,0
174083,0
174084,0
174085,0
174086,0
174087,2
174088,2
174089,0
174090,0
174091,0
174092,0
174093,2
174094,2
174095,0
174096,0
174097,0
174098,0
174099,0
174100,0
174101,0
174102,0
174103,0
174104,0
174105,0
174106,0
174107,2
174108,0
174109,0
174110,0
174111,0
174112,1
174113,0
174114,1
174115,1
174116,1
174117,0
174118,0
174119,0
174120,0
174121,0
174122,0
174123,0
174124,0
174125,0
174126,0
174127,0
174128,0
174129,0
174130,0
174131,0
174132,0
174133,0
174134,0
174135,0
174136,0
174137,0
174138,0
174139,0
174140,0
174141,0
174142,0
174143,0
174144,0
174145,0
174146,0
174147,1
174148,0
174149,0
174150,0
174151,0
174152,0
174153,0
174154,0
174155,0
174156,3
174157,3
174158,3
174159,3
174160,3
174161,1
174162,1
174163,0
174164,1
174165,0
174166,0
174167,0
174168,0
174169,0
174170,0
174171,0
174172,2
174173,2
174174,2
174175,0
174176,0
174177,0
174178,0
174179,0
174180,0
174181,0
174182,0
174183,0
174184,1
174185,1
174186,1
174187,1
174188,1
174189,3
174190,0
174191,0
174192,3
174193,0
174194,0
174195,0
174196,0
174197,0
174198,1
174199,1
174200,1
174201,0
174202,0
174203,0
174204,0
174205,0
174206,0
174207,0
174208,0
174209,0
174210,0
174211,0
174212,0
174213,0
174214,0
174215,0
174216,0
174217,2
174218,0
174219,2
174220,2
174221,2
174222,0
174223,2
174224,2
174225,0
174226,0
174227,2
174228,0
174229,0
174230,0
174231,0
174232,0
174233,2
174234,0
174235,0
174236,0
174237,2
174238,2
174239,2
174240,1
174241,0
174242,0
174243,0
174244,0
174245,0
174246,0
174247,0
174248,2
174249,0
174250,0
174251,0
174252,2
174253,2
174254,1
174255,0
174256,1
174257,0
174258,0
174259,0
174260,0
174261,0
174262,0
174263,0
174264,0
174265,0
174266,0
174267,0
174268,0
174269,0
174270,0
174271,0
174272,0
174273,0
174274,0
174275,0
174276,0
174277,0
174278,0
174279,0
174280,0
174281,0
174282,0
174283,0
174284,0
174285,0
174286,0
174287,0
174288,0
174289,2
174290,2
174291,2
174292,2
174293,2
174294,0
174295,2
174296,0
174297,0
174298,0
174299,0
174300,0
174301,0
174302,0
174303,0
174304,0
174305,0
174306,0
174307,0
174308,0
174309,2
174310,0
174311,2
174312,2
174313,0
174314,2
174315,2
174316,0
174317,0
174318,0
174319,0
174320,0
174321,2
174322,0
174323,0
174324,0
174325,1
174326,0
174327,0
174328,1
174329,0
174330,0
174331,0
174332,0
174333,0
174334,0
174335,0
174336,0
174337,0
174338,0
174339,0
174340,0
174341,0
174342,0
174343,0
174344,0
174345,0
174346,0
174347,0
174348,0
174349,3
174350,1
174351,3
174352,3
174353,3
174354,0
174355,1
174356,1
174357,1
174358,1
174359,1
174360,0
174361,0
174362,0
174363,0
174364,0
174365,0
174366,0
174367,0
174368,0
174369,0
174370,1
174371,1
174372,1
174373,2
174374,0
174375,2
174376,0
174377,0
174378,2
174379,0
174380,0
174381,1
174382,1
174383,1
174384,1
174385,1
174386,1
174387,0
174388,1
174389,1
174390,0
174391,1
174392,1
174393,1
174394,1
174395,1
174396,1
174397,0
174398,0
174399,0
174400,1
174401,0
174402,1
174403,1
174404,1
174405,0
174406,0
174407,0
174408,0
174409,0
174410,0
174411,2
174412,0
174413,0
174414,0
174415,2
174416,2
174417,2
174418,2
174419,2
174420,0
174421,2
174422,2
174423,0
174424,0
174425,0
174426,0
174427,0
174428,0
174429,0
174430,0
174431,0
174432,0
174433,0
174434,0
174435,0
174436,0
174437,0
174438,0
174439,0
174440,4
174441,4
174442,4
174443,0
174444,0
174445,0
174446,0
174447,0
174448,0
174449,0
174450,0
174451,0
174452,0
174453,0
174454,0
174455,2
174456,1
174457,0
174458,0
174459,0
174460,0
174461,0
174462,0
174463,0
174464,0
174465,0
174466,0
174467,2
174468,0
174469,2
174470,2
174471,0
174472,0
174473,2
174474,2
174475,0
174476,0
174477,0
174478,3
174479,1
174480,0
174481,2
174482,2
174483,2
174484,2
174485,3
174486,0
174487,1
174488,1
174489,1
174490,1
174491,0
174492,0
174493,0
174494,0
174495,0
174496,0
174497,1
174498,1
174499,1
174500,0
174501,0
174502,0
174503,1
174504,0
174505,1
174506,1
174507,0
174508,0
174509,0
174510,0
174511,2
174512,0
174513,0
174514,0
174515,0
174516,0
174517,0
174518,0
174519,0
174520,1
174521,1
174522,1
174523,1
174524,1
174525,0
174526,2
174527,2
174528,0
174529,0
174530,2
174531,0
174532,2
174533,2
174534,2
174535,0
174536,0
174537,0
174538,0
174539,0
174540,0
174541,2
174542,0
174543,0
174544,0
174545,0
174546,0
174547,0
174548,0
174549,0
174550,1
174551,1
174552,0
174553,0
174554,0
174555,0
174556,0
174557,0
174558,0
174559,0
174560,0
174561,0
174562,0
174563,1
174564,1
174565,0
174566,0
174567,0
174568,0
174569,0
174570,0
174571,0
174572,0
174573,0
174574,0
174575,0
174576,0
174577,0
174578,0
174579,0
174580,0
174581,0
174582,0
174583,0
174584,0
174585,0
174586,0
174587,0
174588,0
174589,0
174590,0
174591,2
174592,2
174593,2
174594,0
174595,0
174596,0
174597,0
174598,0
174599,0
174600,0
174601,0
174602,0
174603,0
174604,2
174605,2
174606,0
174607,0
174608,0
174609,0
174610,1
174611,1
174612,1
174613,1
174614,0
174615,0
174616,0
174617,0
174618,0
174619,0
174620,0
174621,3
174622,3
174623,3
174624,1
174625,1
174626,0
174627,0
174628,0
174629,0
174630,2
174631,0
174632,1
174633,2
174634,1
174635,2
174636,2
174637,0
174638,0
174639,0
174640,0
174641,0
174642,0
174643,4
174644,4
174645,0
174646,0
174647,0
174648,0
174649,4
174650,4
174651,0
174652,1
174653,0
174654,0
174655,4
174656,0
174657,0
174658,0
174659,2
174660,4
174661,2
174662,4
174663,2
174664,2
174665,0
174666,0
174667,0
174668,0
174669,0
174670,0
174671,0
174672,0
174673,0
174674,0
174675,0
174676,0
174677,0
174678,0
174679,0
174680,1
174681,0
174682,0
174683,0
174684,0
174685,0
174686,0
174687,0
174688,0
174689,0
174690,0
174691,0
174692,1
174693,1
174694,0
174695,1
174696,1
174697,0
174698,1
174699,1
174700,0
174701,0
174702,0
174703,0
174704,0
174705,0
174706,0
174707,0
174708,0
174709,2
174710,0
174711,0
174712,0
174713,0
174714,0
174715,0
174716,0
174717,0
174718,3
174719,3
174720,3
174721,3
174722,3
174723,1
174724,1
174725,0
174726,0
174727,0
174728,0
174729,0
174730,0
174731,0
174732,0
174733,0
174734,0
174735,0
174736,1
174737,0
174738,0
174739,0
174740,0
174741,0
174742,0
174743,0
174744,0
174745,0
174746,0
174747,0
174748,0
174749,0
174750,0
174751,0
174752,0
174753,2
174754,2
174755,2
174756,2
174757,2
174758,1
174759,1
174760,1
174761,0
174762,0
174763,0
174764,2
174765,0
174766,0
174767,2
174768,2
174769,1
174770,0
174771,1
174772,1
174773,2
174774,2
174775,0
174776,0
174777,0
174778,0
174779,0
174780,0
174781,0
174782,0
174783,0
174784,0
174785,0
174786,0
174787,0
174788,2
174789,0
174790,0
174791,0
174792,0
174793,2
174794,1
174795,1
174796,0
174797,0
174798,0
174799,1
174800,1
174801,0
174802,0
174803,0
174804,0
174805,0
174806,1
174807,0
174808,0
174809,0
174810,0
174811,0
174812,2
174813,2
174814,0
174815,0
174816,2
174817,2
174818,0
174819,0
174820,0
174821,0
174822,0
174823,0
174824,0
174825,0
174826,0
174827,0
174828,1
174829,0
174830,0
174831,0
174832,1
174833,0
174834,1
174835,1
174836,1
174837,0
174838,1
174839,0
174840,1
174841,0
174842,0
174843,0
174844,0
174845,2
174846,2
174847,2
174848,0
174849,0
174850,0
174851,0
174852,0
174853,0
174854,0
174855,0
174856,3
174857,0
174858,0
174859,0
174860,0
174861,0
174862,0
174863,1
174864,0
174865,1
174866,0
174867,0
174868,0
174869,0
174870,0
174871,0
174872,0
174873,0
174874,0
174875,0
174876,0
174877,1
174878,1
174879,1
174880,1
174881,1
174882,0
174883,0
174884,0
174885,2
174886,1
174887,1
174888,0
174889,0
174890,0
174891,0
174892,1
174893,0
174894,0
174895,0
174896,0
174897,0
174898,0
174899,0
174900,0
174901,0
174902,0
174903,1
174904,0
174905,0
174906,0
174907,0
174908,0
174909,0
174910,0
174911,0
174912,0
174913,0
174914,0
174915,0
174916,0
174917,0
174918,0
174919,2
174920,2
174921,0
174922,2
174923,2
174924,2
174925,0
174926,0
174927,0
174928,0
174929,0
174930,0
174931,0
174932,0
174933,0
174934,1
174935,1
174936,0
174937,0
174938,0
174939,0
174940,0
174941,0
174942,0
174943,0
174944,0
174945,0
174946,0
174947,0
174948,0
174949,0
174950,1
174951,1
174952,1
174953,1
174954,1
174955,1
174956,1
174957,0
174958,0
174959,0
174960,0
174961,1
174962,0
174963,0
174964,1
174965,0
174966,0
174967,0
174968,0
174969,1
174970,1
174971,1
174972,0
174973,1
174974,1
174975,0
174976,0
174977,0
174978,0
174979,0
174980,0
174981,0
174982,0
174983,1
174984,0
174985,0
174986,0
174987,0
174988,0
174989,0
174990,0
174991,0
174992,0
174993,0
174994,0
174995,0
174996,0
174997,0
174998,0
174999,0
175000,0
175001,0
175002,0
175003,0
175004,2
175005,0
175006,0
175007,1
175008,1
175009,1
175010,1
175011,0
175012,0
175013,0
175014,0
175015,0
175016,0
175017,0
175018,0
175019,0
175020,0
175021,4
175022,4
175023,4
175024,4
175025,2
175026,2
175027,0
175028,0
175029,0
175030,0
175031,0
175032,0
175033,0
175034,0
175035,0
175036,0
175037,0
175038,0
175039,0
175040,2
175041,0
175042,0
175043,0
175044,0
175045,0
175046,0
175047,0
175048,0
175049,0
175050,2
175051,0
175052,2
175053,2
175054,2
175055,2
175056,0
175057,0
175058,0
175059,0
175060,0
175061,0
175062,0
175063,0
175064,0
175065,2
175066,0
175067,2
175068,2
175069,0
175070,2
175071,0
175072,0
175073,0
175074,0
175075,0
175076,0
175077,0
175078,0
175079,0
175080,0
175081,0
175082,0
175083,0
175084,1
175085,0
175086,0
175087,0
175088,0
175089,0
175090,0
175091,0
175092,1
175093,1
175094,1
175095,0
175096,1
175097,0
175098,1
175099,1
175100,0
175101,0
175102,2
175103,2
175104,0
175105,2
175106,0
175107,2
175108,2
175109,2
175110,0
175111,0
175112,0
175113,0
175114,0
175115,0
175116,0
175117,0
175118,0
175119,0
175120,0
175121,0
175122,0
175123,0
175124,1
175125,1
175126,1
175127,1
175128,1
175129,0
175130,0
175131,0
175132,0
175133,2
175134,0
175135,0
175136,0
175137,0
175138,2
175139,2
175140,0
175141,0
175142,0
175143,0
175144,0
175145,0
175146,0
175147,0
175148,0
175149,2
175150,0
175151,2
175152,0
175153,0
175154,0
175155,0
175156,0
175157,0
175158,0
175159,0
175160,1
175161,1
175162,0
175163,0
175164,0
175165,0
175166,0
175167,0
175168,1
175169,0
175170,0
175171,0
175172,0
175173,0
175174,0
175175,0
175176,0
175177,0
175178,1
175179,3
175180,0
175181,0
175182,0
175183,0
175184,0
175185,0
175186,0
175187,0
175188,0
175189,3
175190,3
175191,3
175192,3
175193,3
175194,3
175195,3
175196,3
175197,3
175198,3
175199,0
175200,0
175201,0
175202,0
175203,0
175204,0
175205,0
175206,0
175207,0
175208,0
175209,0
175210,0
175211,0
175212,0
175213,0
175214,0
175215,0
175216,0
175217,0
175218,0
175219,0
175220,0
175221,0
175222,0
175223,0
175224,0
175225,0
175226,0
175227,0
175228,0
175229,0
175230,0
175231,0
175232,0
175233,0
175234,0
175235,0
175236,0
175237,2
175238,0
175239,0
175240,0
175241,0
175242,0
175243,0
175244,0
175245,0
175246,0
175247,0
175248,0
175249,0
175250,0
175251,0
175252,0
175253,2
175254,2
175255,0
175256,0
175257,0
175258,0
175259,0
175260,0
175261,0
175262,0
175263,0
175264,0
175265,3
175266,3
175267,1
175268,0
175269,1
175270,1
175271,0
175272,0
175273,0
175274,0
175275,0
175276,0
175277,0
175278,0
175279,0
175280,0
175281,0
175282,0
175283,1
175284,0
175285,1
175286,1
175287,0
175288,1
175289,1
175290,1
175291,0
175292,0
175293,0
175294,0
175295,0
175296,0
175297,0
175298,0
175299,0
175300,0
175301,0
175302,0
175303,0
175304,0
175305,0
175306,0
175307,4
175308,2
175309,2
175310,0
175311,2
175312,0
175313,0
175314,0
175315,2
175316,2
175317,2
175318,2
175319,2
175320,2
175321,0
175322,0
175323,1
175324,1
175325,0
175326,0
175327,0
175328,1
175329,0
175330,0
175331,0
175332,0
175333,0
175334,0
175335,0
175336,0
175337,0
175338,0
175339,0
175340,0
175341,0
175342,0
175343,0
175344,0
175345,0
175346,0
175347,0
175348,2
175349,0
175350,0
175351,0
175352,2
175353,2
175354,2
175355,0
175356,0
175357,0
175358,0
175359,0
175360,0
175361,0
175362,0
175363,0
175364,0
175365,0
175366,0
175367,0
175368,0
175369,0
175370,0
175371,0
175372,0
175373,0
175374,0
175375,0
175376,0
175377,0
175378,0
175379,0
175380,0
175381,0
175382,0
175383,0
175384,0
175385,0
175386,0
175387,0
175388,0
175389,0
175390,0
175391,1
175392,0
175393,0
175394,0
175395,0
175396,1
175397,1
175398,1
175399,1
175400,0
175401,0
175402,0
175403,0
175404,0
175405,0
175406,1
175407,2
175408,2
175409,0
175410,2
175411,0
175412,0
175413,0
175414,1
175415,1
175416,0
175417,0
175418,1
175419,1
175420,0
175421,0
175422,1
175423,0
175424,1
175425,1
175426,0
175427,1
175428,1
175429,1
175430,1
175431,1
175432,1
175433,0
175434,1
175435,1
175436,1
175437,0
175438,0
175439,0
175440,0
175441,0
175442,0
175443,0
175444,0
175445,0
175446,0
175447,1
175448,0
175449,0
175450,0
175451,0
175452,0
175453,0
175454,0
175455,0
175456,0
175457,0
175458,0
175459,0
175460,0
175461,0
175462,0
175463,0
175464,0
175465,0
175466,0
175467,0
175468,0
175469,2
175470,0
175471,0
175472,0
175473,0
175474,0
175475,0
175476,0
175477,0
175478,0
175479,0
175480,0
175481,0
175482,2
175483,0
175484,2
175485,0
175486,2
175487,2
175488,2
175489,2
175490,1
175491,1
175492,1
175493,2
175494,0
175495,2
175496,0
175497,0
175498,0
175499,2
175500,2
175501,0
175502,2
175503,0
175504,0
175505,0
175506,2
175507,0
175508,0
175509,0
175510,0
175511,0
175512,0
175513,0
175514,0
175515,0
175516,0
175517,0
175518,2
175519,0
175520,0
175521,0
175522,0
175523,0
175524,0
175525,0
175526,0
175527,0
175528,0
175529,0
175530,0
175531,2
175532,2
175533,2
175534,1
175535,0
175536,0
175537,2
175538,1
175539,1
175540,1
175541,0
175542,0
175543,0
175544,0
175545,0
175546,0
175547,0
175548,0
175549,1
175550,0
175551,0
175552,0
175553,0
175554,0
175555,1
175556,0
175557,0
175558,0
175559,0
175560,0
175561,0
175562,0
175563,0
175564,0
175565,0
175566,1
175567,1
175568,1
175569,0
175570,0
175571,0
175572,0
175573,0
175574,0
175575,0
175576,0
175577,0
175578,0
175579,0
175580,1
175581,1
175582,1
175583,1
175584,1
175585,1
175586,1
175587,0
175588,0
175589,1
175590,1
175591,1
175592,0
175593,1
175594,0
175595,1
175596,0
175597,0
175598,0
175599,0
175600,0
175601,0
175602,0
175603,0
175604,0
175605,0
175606,0
175607,0
175608,0
175609,0
175610,0
175611,0
175612,0
175613,0
175614,0
175615,0
175616,0
175617,1
175618,1
175619,1
175620,1
175621,4
175622,4
175623,2
175624,2
175625,2
175626,2
175627,2
175628,0
175629,0
175630,1
175631,0
175632,0
175633,2
175634,2
175635,4
175636,0
175637,2
175638,2
175639,0
175640,2
175641,0
175642,0
175643,0
175644,0
175645,0
175646,0
175647,0
175648,0
175649,0
175650,2
175651,1
175652,0
175653,0
175654,0
175655,0
175656,0
175657,0
175658,0
175659,0
175660,0
175661,0
175662,0
175663,0
175664,0
175665,0
175666,0
175667,1
175668,1
175669,0
175670,0
175671,0
175672,0
175673,0
175674,0
175675,0
175676,0
175677,0
175678,0
175679,0
175680,0
175681,0
175682,0
175683,0
175684,0
175685,0
175686,0
175687,0
175688,0
175689,0
175690,0
175691,0
175692,0
175693,0
175694,0
175695,0
175696,0
175697,0
175698,0
175699,0
175700,0
175701,1
175702,0
175703,0
175704,0
175705,0
175706,0
175707,0
175708,0
175709,0
175710,1
175711,1
175712,0
175713,0
175714,0
175715,1
175716,1
175717,3
175718,3
175719,0
175720,0
175721,0
175722,2
175723,1
175724,0
175725,1
175726,1
175727,1
175728,1
175729,1
175730,0
175731,0
175732,0
175733,2
175734,2
175735,2
175736,2
175737,0
175738,2
175739,0
175740,0
175741,0
175742,0
175743,0
175744,0
175745,0
175746,0
175747,0
175748,2
175749,0
175750,0
175751,0
175752,0
175753,0
175754,2
175755,2
175756,2
175757,2
175758,0
175759,0
175760,0
175761,0
175762,0
175763,0
175764,0
175765,0
175766,0
175767,0
175768,0
175769,0
175770,0
175771,0
175772,0
175773,0
175774,0
175775,1
175776,1
175777,1
175778,1
175779,1
175780,1
175781,0
175782,0
175783,0
175784,0
175785,0
175786,0
175787,0
175788,1
175789,0
175790,0
175791,0
175792,0
175793,0
175794,1
175795,0
175796,1
175797,1
175798,1
175799,3
175800,0
175801,0
175802,2
175803,0
175804,2
175805,2
175806,2
175807,2
175808,0
175809,2
175810,2
175811,0
175812,0
175813,0
175814,0
175815,0
175816,0
175817,0
175818,0
175819,0
175820,0
175821,2
175822,0
175823,0
175824,0
175825,1
175826,0
175827,2
175828,2
175829,2
175830,2
175831,2
175832,2
175833,2
175834,0
175835,0
175836,0
175837,0
175838,0
175839,0
175840,0
175841,0
175842,0
175843,0
175844,0
175845,0
175846,0
175847,0
175848,0
175849,0
175850,0
175851,0
175852,0
175853,0
175854,0
175855,0
175856,0
175857,0
175858,0
175859,0
175860,0
175861,0
175862,0
175863,0
175864,0
175865,0
175866,0
175867,0
175868,0
175869,2
175870,0
175871,0
175872,0
175873,0
175874,0
175875,0
175876,0
175877,0
175878,0
175879,0
175880,2
175881,2
175882,1
175883,4
175884,2
175885,0
175886,0
175887,0
175888,1
175889,0
175890,1
175891,1
175892,0
175893,0
175894,0
175895,0
175896,2
175897,2
175898,0
175899,0
175900,0
175901,0
175902,0
175903,0
175904,0
175905,0
175906,1
175907,1
175908,1
175909,1
175910,1
175911,0
175912,0
175913,0
175914,0
175915,0
175916,0
175917,0
175918,0
175919,0
175920,0
175921,0
175922,0
175923,4
175924,4
175925,2
175926,2
175927,2
175928,0
175929,2
175930,0
175931,2
175932,2
175933,0
175934,0
175935,0
175936,0
175937,0
175938,0
175939,0
175940,0
175941,0
175942,0
175943,0
175944,0
175945,2
175946,0
175947,0
175948,2
175949,0
175950,0
175951,0
175952,0
175953,0
175954,0
175955,0
175956,2
175957,2
175958,2
175959,2
175960,0
175961,0
175962,0
175963,0
175964,0
175965,0
175966,0
175967,0
175968,0
175969,0
175970,0
175971,0
175972,0
175973,0
175974,2
175975,0
175976,0
175977,0
175978,0
175979,0
175980,0
175981,0
175982,0
175983,0
175984,1
175985,0
175986,0
175987,0
175988,0
175989,0
175990,0
175991,0
175992,0
175993,0
175994,0
175995,0
175996,0
175997,0
175998,0
175999,0
176000,0
176001,0
176002,0
176003,2
176004,2
176005,2
176006,2
176007,2
176008,0
176009,0
176010,0
176011,0
176012,0
176013,0
176014,0
176015,0
176016,0
176017,1
176018,0
176019,0
176020,0
176021,0
176022,0
176023,0
176024,0
176025,0
176026,0
176027,0
176028,0
176029,0
176030,0
176031,0
176032,0
176033,0
176034,0
176035,0
176036,0
176037,2
176038,2
176039,2
176040,1
176041,2
176042,2
176043,2
176044,0
176045,0
176046,0
176047,0
176048,0
176049,0
176050,0
176051,0
176052,0
176053,0
176054,0
176055,1
176056,0
176057,0
176058,1
176059,0
176060,0
176061,0
176062,0
176063,1
176064,1
176065,1
176066,1
176067,1
176068,1
176069,1
176070,0
176071,0
176072,0
176073,0
176074,0
176075,0
176076,0
176077,1
176078,1
176079,1
176080,3
176081,3
176082,3
176083,0
176084,0
176085,0
176086,0
176087,3
176088,0
176089,3
176090,0
176091,0
176092,0
176093,0
176094,0
176095,0
176096,0
176097,1
176098,1
176099,1
176100,0
176101,0
176102,1
176103,1
176104,1
176105,1
176106,1
176107,0
176108,0
176109,0
176110,0
176111,2
176112,1
176113,1
176114,1
176115,1
176116,0
176117,0
176118,0
176119,0
176120,0
176121,0
176122,1
176123,1
176124,1
176125,1
176126,1
176127,1
176128,1
176129,0
176130,0
176131,0
176132,0
176133,0
176134,0
176135,1
176136,1
176137,0
176138,0
176139,0
176140,0
176141,0
176142,0
176143,0
176144,0
176145,0
176146,0
176147,0
176148,0
176149,0
176150,0
176151,1
176152,1
176153,0
176154,0
176155,0
176156,0
176157,1
176158,0
176159,0
176160,0
176161,0
176162,0
176163,0
176164,0
176165,0
176166,0
176167,0
176168,0
176169,0
176170,0
176171,1
176172,1
176173,1
176174,1
176175,1
176176,0
176177,0
176178,0
176179,1
176180,1
176181,1
176182,1
176183,0
176184,0
176185,0
176186,0
176187,0
176188,1
176189,0
176190,0
176191,1
176192,0
176193,1
176194,0
176195,1
176196,1
176197,0
176198,0
176199,0
176200,0
176201,0
176202,1
176203,1
176204,1
176205,0
176206,0
176207,0
176208,0
176209,0
176210,0
176211,1
176212,0
176213,0
176214,0
176215,0
176216,0
176217,0
176218,0
176219,0
176220,2
176221,0
176222,1
176223,1
176224,0
176225,0
176226,0
176227,0
176228,0
176229,0
176230,0
176231,2
176232,2
176233,0
176234,0
176235,2
176236,0
176237,0
176238,0
176239,0
176240,0
176241,0
176242,0
176243,1
176244,0
176245,0
176246,0
176247,0
176248,0
176249,2
176250,2
176251,0
176252,0
176253,0
176254,2
176255,2
176256,0
176257,0
176258,2
176259,0
176260,2
176261,0
176262,0
176263,0
176264,0
176265,0
176266,0
176267,0
176268,0
176269,0
176270,0
176271,0
176272,0
176273,0
176274,0
176275,0
176276,0
176277,2
176278,0
176279,0
176280,0
176281,0
176282,0
176283,0
176284,0
176285,0
176286,0
176287,2
176288,2
176289,2
176290,2
176291,1
176292,2
176293,0
176294,2
176295,2
176296,2
176297,2
176298,2
176299,0
176300,0
176301,0
176302,0
176303,0
176304,0
176305,0
176306,0
176307,0
176308,0
176309,0
176310,0
176311,0
176312,0
176313,0
176314,0
176315,0
176316,0
176317,0
176318,0
176319,0
176320,0
176321,0
176322,0
176323,0
176324,0
176325,0
176326,0
176327,0
176328,0
176329,0
176330,0
176331,0
176332,0
176333,0
176334,0
176335,0
176336,0
176337,0
176338,0
176339,0
176340,0
176341,0
176342,0
176343,0
176344,0
176345,3
176346,1
176347,3
176348,1
176349,0
176350,1
176351,1
176352,0
176353,0
176354,0
176355,1
176356,1
176357,0
176358,0
176359,0
176360,0
176361,0
176362,0
176363,0
176364,0
176365,0
176366,0
176367,0
176368,0
176369,0
176370,0
176371,0
176372,0
176373,0
176374,0
176375,0
176376,0
176377,1
176378,1
176379,1
176380,1
176381,1
176382,1
176383,1
176384,1
176385,2
176386,2
176387,2
176388,0
176389,0
176390,0
176391,0
176392,0
176393,0
176394,0
176395,0
176396,1
176397,0
176398,0
176399,1
176400,1
176401,1
176402,1
176403,1
176404,1
176405,1
176406,1
176407,0
176408,0
176409,0
176410,0
176411,0
176412,0
176413,0
176414,0
176415,0
176416,0
176417,0
176418,0
176419,0
176420,0
176421,0
176422,0
176423,0
176424,0
176425,0
176426,1
176427,0
176428,4
176429,1
176430,0
176431,0
176432,0
176433,1
176434,1
176435,0
176436,0
176437,1
176438,0
176439,0
176440,0
176441,0
176442,0
176443,0
176444,1
176445,0
176446,0
176447,0
176448,1
176449,1
176450,1
176451,1
176452,1
176453,1
176454,1
176455,1
176456,0
176457,0
176458,0
176459,0
176460,0
176461,0
176462,0
176463,0
176464,0
176465,0
176466,1
176467,1
176468,1
176469,1
176470,1
176471,1
176472,0
176473,0
176474,0
176475,1
176476,1
176477,1
176478,1
176479,0
176480,1
176481,1
176482,1
176483,1
176484,0
176485,0
176486,0
176487,0
176488,0
176489,1
176490,1
176491,1
176492,1
176493,0
176494,0
176495,1
176496,1
176497,1
176498,1
176499,1
176500,1
176501,1
176502,0
176503,0
176504,0
176505,0
176506,0
176507,0
176508,0
176509,0
176510,0
176511,0
176512,0
176513,3
176514,3
176515,0
176516,0
176517,0
176518,1
176519,1
176520,0
176521,1
176522,1
176523,0
176524,1
176525,1
176526,0
176527,0
176528,0
176529,3
176530,1
176531,1
176532,1
176533,1
176534,1
176535,2
176536,0
176537,0
176538,0
176539,0
176540,0
176541,0
176542,0
176543,0
176544,0
176545,1
176546,1
176547,0
176548,0
176549,0
176550,0
176551,0
176552,0
176553,0
176554,0
176555,0
176556,0
176557,0
176558,0
176559,0
176560,0
176561,0
176562,0
176563,0
176564,0
176565,0
176566,0
176567,0
176568,0
176569,0
176570,0
176571,0
176572,0
176573,0
176574,0
176575,0
176576,0
176577,2
176578,0
176579,0
176580,4
176581,4
176582,2
176583,0
176584,0
176585,2
176586,0
176587,1
176588,0
176589,1
176590,1
176591,0
176592,0
176593,0
176594,0
176595,0
176596,0
176597,0
176598,0
176599,0
176600,0
176601,0
176602,0
176603,0
176604,0
176605,0
176606,2
176607,2
176608,1
176609,1
176610,2
176611,0
176612,2
176613,2
176614,2
176615,2
176616,0
176617,0
176618,0
176619,0
176620,4
176621,4
176622,2
176623,2
176624,2
176625,1
176626,1
176627,0
176628,0
176629,1
176630,1
176631,1
176632,0
176633,0
176634,0
176635,0
176636,0
176637,0
176638,0
176639,0
176640,1
176641,1
176642,1
176643,1
176644,1
176645,1
176646,1
176647,1
176648,0
176649,0
176650,1
176651,1
176652,1
176653,1
176654,0
176655,0
176656,0
176657,0
176658,0
176659,0
176660,0
176661,0
176662,0
176663,0
176664,0
176665,0
176666,0
176667,0
176668,0
176669,0
176670,0
176671,2
176672,2
176673,2
176674,0
176675,0
176676,0
176677,0
176678,0
176679,0
176680,0
176681,0
176682,0
176683,0
176684,0
176685,0
176686,0
176687,0
176688,0
176689,0
176690,0
176691,0
176692,0
176693,0
176694,0
176695,0
176696,0
176697,0
176698,0
176699,0
176700,0
176701,0
176702,0
176703,0
176704,0
176705,0
176706,0
176707,0
176708,0
176709,0
176710,0
176711,1
176712,0
176713,2
176714,0
176715,0
176716,0
176717,2
176718,2
176719,0
176720,0
176721,0
176722,0
176723,0
176724,0
176725,0
176726,0
176727,0
176728,0
176729,0
176730,0
176731,0
176732,0
176733,0
176734,0
176735,0
176736,0
176737,0
176738,0
176739,1
176740,0
176741,1
176742,1
176743,1
176744,1
176745,1
176746,0
176747,0
176748,0
176749,0
176750,0
176751,0
176752,0
176753,2
176754,2
176755,0
176756,0
176757,0
176758,0
176759,0
176760,0
176761,0
176762,0
176763,4
176764,1
176765,1
176766,0
176767,0
176768,1
176769,0
176770,0
176771,0
176772,0
176773,1
176774,1
176775,0
176776,0
176777,0
176778,0
176779,2
176780,1
176781,1
176782,2
176783,0
176784,0
176785,0
176786,0
176787,0
176788,0
176789,0
176790,0
176791,0
176792,2
176793,2
176794,2
176795,0
176796,2
176797,0
176798,0
176799,0
176800,0
176801,0
176802,0
176803,0
176804,4
176805,4
176806,2
176807,2
176808,2
176809,2
176810,2
176811,0
176812,0
176813,0
176814,0
176815,0
176816,0
176817,0
176818,0
176819,2
176820,0
176821,0
176822,0
176823,4
176824,4
176825,4
176826,4
176827,4
176828,4
176829,4
176830,4
176831,2
176832,2
176833,2
176834,4
176835,2
176836,0
176837,0
176838,0
176839,0
176840,1
176841,0
176842,0
176843,1
176844,1
176845,1
176846,0
176847,0
176848,0
176849,0
176850,0
176851,0
176852,0
176853,0
176854,0
176855,0
176856,0
176857,1
176858,1
176859,1
176860,0
176861,0
176862,0
176863,0
176864,0
176865,0
176866,0
176867,0
176868,0
176869,0
176870,0
176871,0
176872,0
176873,0
176874,0
176875,0
176876,0
176877,0
176878,0
176879,0
176880,0
176881,0
176882,0
176883,0
176884,0
176885,0
176886,0
176887,0
176888,2
176889,0
176890,0
176891,0
176892,0
176893,0
176894,0
176895,0
176896,0
176897,0
176898,0
176899,0
176900,0
176901,0
176902,0
176903,0
176904,0
176905,0
176906,0
176907,0
176908,0
176909,0
176910,0
176911,0
176912,3
176913,1
176914,0
176915,0
176916,0
176917,0
176918,0
176919,0
176920,0
176921,0
176922,0
176923,1
176924,1
176925,0
176926,1
176927,1
176928,1
176929,1
176930,2
176931,0
176932,2
176933,0
176934,0
176935,2
176936,2
176937,0
176938,1
176939,0
176940,1
176941,2
176942,2
176943,2
176944,0
176945,0
176946,1
176947,1
176948,0
176949,0
176950,0
176951,0
176952,0
176953,0
176954,0
176955,0
176956,0
176957,0
176958,0
176959,0
176960,0
176961,0
176962,2
176963,2
176964,2
176965,2
176966,2
176967,2
176968,2
176969,2
176970,2
176971,2
176972,0
176973,0
176974,0
176975,0
176976,0
176977,0
176978,0
176979,0
176980,0
176981,0
176982,0
176983,0
176984,0
176985,0
176986,0
176987,0
176988,0
176989,0
176990,0
176991,0
176992,0
176993,0
176994,0
176995,0
176996,0
176997,0
176998,0
176999,0
177000,0
177001,0
177002,2
177003,2
177004,2
177005,2
177006,0
177007,0
177008,0
177009,0
177010,0
177011,0
177012,0
177013,0
177014,0
177015,0
177016,0
177017,0
177018,0
177019,0
177020,0
177021,0
177022,0
177023,0
177024,0
177025,0
177026,0
177027,0
177028,0
177029,0
177030,0
177031,0
177032,0
177033,0
177034,0
177035,0
177036,0
177037,0
177038,0
177039,0
177040,0
177041,0
177042,0
177043,0
177044,0
177045,0
177046,0
177047,0
177048,0
177049,0
177050,0
177051,0
177052,0
177053,0
177054,0
177055,0
177056,1
177057,0
177058,0
177059,0
177060,0
177061,0
177062,1
177063,1
177064,2
177065,2
177066,2
177067,2
177068,1
177069,1
177070,1
177071,1
177072,2
177073,0
177074,0
177075,0
177076,0
177077,0
177078,1
177079,0
177080,2
177081,2
177082,2
177083,2
177084,2
177085,0
177086,0
177087,0
177088,0
177089,0
177090,0
177091,0
177092,0
177093,0
177094,0
177095,0
177096,1
177097,1
177098,1
177099,0
177100,0
177101,0
177102,1
177103,1
177104,1
177105,1
177106,1
177107,1
177108,0
177109,1
177110,1
177111,1
177112,0
177113,1
177114,1
177115,0
177116,0
177117,1
177118,0
177119,0
177120,0
177121,0
177122,0
177123,2
177124,2
177125,2
177126,1
177127,0
177128,0
177129,0
177130,0
177131,0
177132,0
177133,0
177134,0
177135,0
177136,2
177137,0
177138,2
177139,0
177140,0
177141,0
177142,0
177143,0
177144,0
177145,0
177146,0
177147,0
177148,0
177149,0
177150,0
177151,0
177152,0
177153,0
177154,0
177155,4
177156,4
177157,2
177158,2
177159,2
177160,2
177161,0
177162,2
177163,2
177164,0
177165,2
177166,2
177167,0
177168,0
177169,0
177170,2
177171,2
177172,2
177173,0
177174,0
177175,0
177176,0
177177,0
177178,0
177179,0
177180,0
177181,0
177182,0
177183,1
177184,1
177185,1
177186,1
177187,1
177188,1
177189,0
177190,0
177191,0
177192,0
177193,0
177194,0
177195,0
177196,0
177197,0
177198,0
177199,0
177200,0
177201,0
177202,0
177203,0
177204,0
177205,0
177206,0
177207,0
177208,0
177209,0
177210,2
177211,2
177212,0
177213,0
177214,0
177215,0
177216,0
177217,2
177218,1
177219,0
177220,0
177221,0
177222,1
177223,0
177224,0
177225,1
177226,0
177227,0
177228,0
177229,0
177230,0
177231,0
177232,0
177233,0
177234,0
177235,0
177236,0
177237,0
177238,0
177239,0
177240,0
177241,0
177242,0
177243,0
177244,0
177245,0
177246,0
177247,0
177248,0
177249,0
177250,0
177251,0
177252,0
177253,0
177254,0
177255,1
177256,0
177257,0
177258,0
177259,0
177260,0
177261,0
177262,2
177263,2
177264,0
177265,0
177266,0
177267,0
177268,0
177269,0
177270,0
177271,1
177272,1
177273,0
177274,0
177275,0
177276,0
177277,0
177278,1
177279,1
177280,0
177281,1
177282,0
177283,0
177284,0
177285,0
177286,0
177287,0
177288,0
177289,0
177290,0
177291,0
177292,0
177293,0
177294,0
177295,0
177296,1
177297,0
177298,0
177299,0
177300,0
177301,0
177302,1
177303,1
177304,1
177305,1
177306,1
177307,0
177308,0
177309,0
177310,0
177311,0
177312,0
177313,1
177314,1
177315,1
177316,0
177317,0
177318,0
177319,0
177320,1
177321,1
177322,1
177323,1
177324,1
177325,1
177326,0
177327,0
177328,0
177329,0
177330,0
177331,0
177332,0
177333,0
177334,0
177335,0
177336,0
177337,0
177338,0
177339,0
177340,0
177341,0
177342,0
177343,1
177344,1
177345,0
177346,0
177347,0
177348,0
177349,0
177350,0
177351,1
177352,1
177353,0
177354,1
177355,0
177356,0
177357,0
177358,0
177359,0
177360,0
177361,0
177362,0
177363,0
177364,0
177365,0
177366,0
177367,0
177368,0
177369,0
177370,0
177371,0
177372,0
177373,0
177374,0
177375,0
177376,1
177377,1
177378,0
177379,0
177380,1
177381,1
177382,1
177383,0
177384,0
177385,1
177386,1
177387,1
177388,1
177389,1
177390,0
177391,0
177392,0
177393,0
177394,1
177395,4
177396,4
177397,0
177398,0
177399,0
177400,0
177401,2
177402,0
177403,2
177404,1
177405,1
177406,0
177407,0
177408,1
177409,1
177410,0
177411,1
177412,1
177413,1
177414,1
177415,1
177416,1
177417,1
177418,1
177419,0
177420,1
177421,1
177422,0
177423,0
177424,0
177425,0
177426,0
177427,0
177428,0
177429,0
177430,0
177431,0
177432,0
177433,0
177434,0
177435,0
177436,0
177437,0
177438,0
177439,0
177440,0
177441,0
177442,0
177443,2
177444,2
177445,0
177446,0
177447,0
177448,0
177449,2
177450,4
177451,2
177452,2
177453,2
177454,2
177455,2
177456,2
177457,1
177458,2
177459,2
177460,2
177461,0
177462,0
177463,2
177464,2
177465,2
177466,2
177467,0
177468,0
177469,0
177470,0
177471,0
177472,0
177473,0
177474,0
177475,0
177476,0
177477,0
177478,0
177479,0
177480,0
177481,0
177482,2
177483,0
177484,0
177485,0
177486,0
177487,0
177488,0
177489,2
177490,2
177491,0
177492,0
177493,0
177494,0
177495,2
177496,2
177497,2
177498,2
177499,2
177500,2
177501,0
177502,0
177503,0
177504,0
177505,0
177506,0
177507,0
177508,0
177509,0
177510,0
177511,0
177512,0
177513,0
177514,0
177515,0
177516,0
177517,0
177518,0
177519,0
177520,0
177521,0
177522,2
177523,2
177524,2
177525,0
177526,0
177527,0
177528,0
177529,1
177530,0
177531,0
177532,0
177533,0
177534,2
177535,2
177536,0
177537,0
177538,0
177539,2
177540,0
177541,0
177542,0
177543,0
177544,0
177545,0
177546,0
177547,0
177548,0
177549,0
177550,0
177551,0
177552,0
177553,0
177554,0
177555,0
177556,0
177557,0
177558,0
177559,0
177560,4
177561,0
177562,0
177563,0
177564,0
177565,0
177566,0
177567,0
177568,0
177569,0
177570,0
177571,0
177572,0
177573,0
177574,0
177575,2
177576,0
177577,1
177578,1
177579,1
177580,1
177581,1
177582,0
177583,0
177584,0
177585,0
177586,0
177587,0
177588,0
177589,0
177590,0
177591,0
177592,0
177593,0
177594,0
177595,0
177596,0
177597,0
177598,0
177599,0
177600,0
177601,0
177602,0
177603,0
177604,0
177605,0
177606,0
177607,0
177608,0
177609,0
177610,0
177611,0
177612,0
177613,0
177614,0
177615,0
177616,0
177617,0
177618,0
177619,0
177620,0
177621,0
177622,0
177623,0
177624,0
177625,1
177626,1
177627,1
177628,0
177629,0
177630,0
177631,0
177632,0
177633,0
177634,0
177635,0
177636,0
177637,0
177638,0
177639,0
177640,0
177641,0
177642,0
177643,0
177644,0
177645,0
177646,0
177647,3
177648,3
177649,1
177650,1
177651,3
177652,0
177653,0
177654,0
177655,2
177656,2
177657,2
177658,2
177659,2
177660,0
177661,2
177662,0
177663,0
177664,0
177665,0
177666,0
177667,0
177668,0
177669,0
177670,0
177671,0
177672,0
177673,0
177674,0
177675,0
177676,1
177677,1
177678,0
177679,0
177680,0
177681,0
177682,0
177683,0
177684,0
177685,0
177686,0
177687,0
177688,0
177689,0
177690,0
177691,0
177692,0
177693,0
177694,0
177695,1
177696,1
177697,0
177698,1
177699,1
177700,1
177701,1
177702,1
177703,0
177704,0
177705,1
177706,1
177707,0
177708,0
177709,0
177710,0
177711,0
177712,0
177713,0
177714,0
177715,0
177716,0
177717,0
177718,0
177719,0
177720,0
177721,0
177722,0
177723,0
177724,0
177725,2
177726,2
177727,1
177728,1
177729,1
177730,0
177731,1
177732,1
177733,2
177734,0
177735,0
177736,2
177737,2
177738,0
177739,1
177740,0
177741,0
177742,1
177743,1
177744,0
177745,1
177746,1
177747,1
177748,1
177749,1
177750,0
177751,0
177752,0
177753,1
177754,2
177755,1
177756,1
177757,1
177758,0
177759,1
177760,1
177761,1
177762,1
177763,1
177764,0
177765,0
177766,0
177767,1
177768,0
177769,1
177770,3
177771,0
177772,0
177773,0
177774,0
177775,0
177776,0
177777,3
177778,3
177779,0
177780,0
177781,0
177782,0
177783,0
177784,0
177785,0
177786,0
177787,0
177788,2
177789,0
177790,0
177791,0
177792,0
177793,0
177794,0
177795,0
177796,0
177797,0
177798,4
177799,4
177800,0
177801,1
177802,1
177803,0
177804,0
177805,0
177806,0
177807,0
177808,0
177809,1
177810,1
177811,1
177812,1
177813,1
177814,0
177815,0
177816,0
177817,0
177818,0
177819,0
177820,2
177821,0
177822,0
177823,0
177824,0
177825,0
177826,2
177827,0
177828,0
177829,0
177830,0
177831,0
177832,0
177833,0
177834,2
177835,2
177836,0
177837,0
177838,0
177839,0
177840,0
177841,0
177842,0
177843,0
177844,0
177845,2
177846,2
177847,2
177848,2
177849,0
177850,0
177851,0
177852,0
177853,2
177854,2
177855,2
177856,2
177857,0
177858,0
177859,0
177860,0
177861,0
177862,0
177863,1
177864,0
177865,0
177866,0
177867,0
177868,0
177869,0
177870,2
177871,2
177872,2
177873,0
177874,0
177875,0
177876,0
177877,0
177878,0
177879,0
177880,0
177881,0
177882,0
177883,0
177884,0
177885,0
177886,0
177887,0
177888,1
177889,0
177890,0
177891,0
177892,0
177893,0
177894,0
177895,0
177896,0
177897,0
177898,0
177899,0
177900,0
177901,0
177902,0
177903,0
177904,1
177905,1
177906,0
177907,0
177908,0
177909,1
177910,0
177911,0
177912,0
177913,0
177914,0
177915,0
177916,1
177917,0
177918,0
177919,1
177920,0
177921,1
177922,1
177923,1
177924,0
177925,0
177926,0
177927,0
177928,0
177929,2
177930,4
177931,2
177932,2
177933,2
177934,2
177935,0
177936,2
177937,2
177938,0
177939,2
177940,1
177941,1
177942,1
177943,1
177944,1
177945,1
177946,0
177947,0
177948,2
177949,0
177950,0
177951,0
177952,0
177953,0
177954,0
177955,0
177956,0
177957,0
177958,0
177959,0
177960,0
177961,0
177962,0
177963,0
177964,1
177965,0
177966,0
177967,0
177968,0
177969,0
177970,1
177971,1
177972,1
177973,1
177974,1
177975,1
177976,0
177977,0
177978,0
177979,0
177980,0
177981,0
177982,0
177983,0
177984,0
177985,0
177986,0
177987,0
177988,0
177989,2
177990,2
177991,0
177992,0
177993,0
177994,0
177995,0
177996,0
177997,0
177998,0
177999,0
178000,0
178001,0
178002,0
178003,0
178004,0
178005,0
178006,1
178007,1
178008,1
178009,1
178010,1
178011,1
178012,1
178013,0
178014,0
178015,0
178016,0
178017,0
178018,0
178019,0
178020,0
178021,0
178022,0
178023,0
178024,0
178025,0
178026,0
178027,0
178028,0
178029,0
178030,0
178031,0
178032,0
178033,0
178034,0
178035,0
178036,0
178037,0
178038,0
178039,1
178040,1
178041,1
178042,1
178043,0
178044,0
178045,0
178046,0
178047,0
178048,0
178049,0
178050,1
178051,1
178052,1
178053,1
178054,1
178055,1
178056,1
178057,1
178058,0
178059,1
178060,0
178061,0
178062,0
178063,0
178064,0
178065,0
178066,0
178067,0
178068,0
178069,3
178070,0
178071,0
178072,0
178073,0
178074,0
178075,0
178076,0
178077,0
178078,0
178079,0
178080,1
178081,1
178082,1
178083,0
178084,0
178085,0
178086,0
178087,0
178088,0
178089,0
178090,0
178091,0
178092,0
178093,0
178094,0
178095,0
178096,0
178097,0
178098,0
178099,0
178100,0
178101,0
178102,0
178103,0
178104,0
178105,0
178106,0
178107,0
178108,0
178109,2
178110,0
178111,0
178112,2
178113,0
178114,0
178115,0
178116,0
178117,0
178118,0
178119,0
178120,0
178121,0
178122,0
178123,0
178124,0
178125,0
178126,0
178127,0
178128,0
178129,0
178130,0
178131,0
178132,0
178133,0
178134,1
178135,1
178136,1
178137,1
178138,1
178139,1
178140,0
178141,0
178142,0
178143,0
178144,0
178145,0
178146,1
178147,1
178148,1
178149,3
178150,0
178151,0
178152,0
178153,0
178154,0
178155,0
178156,0
178157,0
178158,0
178159,0
178160,0
178161,0
178162,0
178163,0
178164,0
178165,0
178166,0
178167,0
178168,0
178169,0
178170,0
178171,0
178172,1
178173,1
178174,1
178175,0
178176,1
178177,1
178178,1
178179,1
178180,1
178181,1
178182,1
178183,0
178184,1
178185,1
178186,1
178187,1
178188,1
178189,0
178190,1
178191,0
178192,1
178193,1
178194,1
178195,3
178196,3
178197,1
178198,3
178199,3
178200,1
178201,1
178202,1
178203,0
178204,0
178205,0
178206,1
178207,1
178208,1
178209,1
178210,1
178211,1
178212,1
178213,0
178214,0
178215,1
178216,0
178217,1
178218,0
178219,0
178220,0
178221,2
178222,2
178223,0
178224,1
178225,0
178226,1
178227,1
178228,0
178229,1
178230,0
178231,0
178232,0
178233,0
178234,0
178235,0
178236,0
178237,0
178238,0
178239,0
178240,0
178241,1
178242,1
178243,1
178244,0
178245,0
178246,0
178247,0
178248,0
178249,0
178250,0
178251,0
178252,0
178253,0
178254,0
178255,0
178256,1
178257,2
178258,2
178259,2
178260,0
178261,2
178262,0
178263,0
178264,0
178265,0
178266,0
178267,0
178268,0
178269,0
178270,1
178271,1
178272,1
178273,0
178274,0
178275,0
178276,0
178277,0
178278,0
178279,0
178280,0
178281,0
178282,0
178283,0
178284,0
178285,0
178286,0
178287,0
178288,0
178289,0
178290,0
178291,0
178292,0
178293,0
178294,0
178295,0
178296,0
178297,0
178298,0
178299,0
178300,0
178301,1
178302,1
178303,1
178304,0
178305,1
178306,0
178307,1
178308,1
178309,1
178310,0
178311,0
178312,0
178313,0
178314,0
178315,0
178316,0
178317,0
178318,0
178319,0
178320,0
178321,0
178322,0
178323,0
178324,0
178325,0
178326,0
178327,0
178328,0
178329,0
178330,0
178331,0
178332,0
178333,0
178334,0
178335,0
178336,0
178337,0
178338,0
178339,1
178340,0
178341,0
178342,1
178343,1
178344,0
178345,0
178346,0
178347,2
178348,0
178349,0
178350,2
178351,2
178352,2
178353,0
178354,2
178355,0
178356,0
178357,2
178358,0
178359,2
178360,2
178361,2
178362,0
178363,0
178364,0
178365,0
178366,0
178367,0
178368,1
178369,1
178370,1
178371,0
178372,2
178373,0
178374,0
178375,0
178376,0
178377,2
178378,2
178379,2
178380,2
178381,2
178382,2
178383,0
178384,0
178385,0
178386,0
178387,1
178388,0
178389,1
178390,1
178391,1
178392,1
178393,1
178394,1
178395,1
178396,0
178397,0
178398,0
178399,0
178400,0
178401,0
178402,2
178403,2
178404,2
178405,0
178406,0
178407,0
178408,0
178409,0
178410,0
178411,0
178412,0
178413,0
178414,0
178415,0
178416,0
178417,0
178418,0
178419,0
178420,0
178421,0
178422,0
178423,3
178424,1
178425,1
178426,1
178427,1
178428,1
178429,1
178430,1
178431,1
178432,1
178433,1
178434,1
178435,0
178436,0
178437,0
178438,0
178439,0
178440,0
178441,0
178442,0
178443,0
178444,0
178445,0
178446,0
178447,0
178448,0
178449,0
178450,0
178451,1
178452,0
178453,0
178454,0
178455,0
178456,0
178457,0
178458,0
178459,0
178460,0
178461,0
178462,0
178463,0
178464,0
178465,0
178466,0
178467,0
178468,0
178469,0
178470,0
178471,0
178472,0
178473,0
178474,0
178475,0
178476,0
178477,0
178478,0
178479,0
178480,0
178481,0
178482,0
178483,1
178484,1
178485,1
178486,1
178487,1
178488,1
178489,1
178490,1
178491,1
178492,1
178493,0
178494,0
178495,1
178496,0
178497,0
178498,0
178499,0
178500,1
178501,1
178502,0
178503,1
178504,1
178505,1
178506,0
178507,0
178508,0
178509,0
178510,0
178511,0
178512,0
178513,0
178514,0
178515,0
178516,0
178517,0
178518,1
178519,2
178520,0
178521,2
178522,0
178523,0
178524,0
178525,0
178526,0
178527,0
178528,0
178529,0
178530,0
178531,0
178532,0
178533,1
178534,3
178535,3
178536,3
178537,1
178538,0
178539,1
178540,0
178541,0
178542,0
178543,0
178544,0
178545,0
178546,0
178547,3
178548,3
178549,3
178550,3
178551,3
178552,0
178553,0
178554,0
178555,0
178556,0
178557,0
178558,0
178559,0
178560,0
178561,0
178562,0
178563,0
178564,0
178565,0
178566,0
178567,0
178568,0
178569,2
178570,2
178571,2
178572,2
178573,2
178574,0
178575,2
178576,0
178577,0
178578,1
178579,1
178580,0
178581,0
178582,0
178583,0
178584,0
178585,0
178586,0
178587,1
178588,0
178589,0
178590,0
178591,0
178592,0
178593,0
178594,0
178595,0
178596,0
178597,0
178598,0
178599,0
178600,0
178601,0
178602,0
178603,0
178604,0
178605,0
178606,0
178607,0
178608,0
178609,0
178610,0
178611,0
178612,0
178613,0
178614,0
178615,0
178616,0
178617,0
178618,1
178619,2
178620,0
178621,0
178622,4
178623,4
178624,2
178625,2
178626,0
178627,0
178628,0
178629,0
178630,0
178631,0
178632,0
178633,0
178634,0
178635,4
178636,2
178637,0
178638,0
178639,0
178640,2
178641,2
178642,0
178643,0
178644,0
178645,0
178646,0
178647,0
178648,0
178649,0
178650,0
178651,0
178652,0
178653,0
178654,0
178655,0
178656,0
178657,0
178658,0
178659,0
178660,2
178661,2
178662,1
178663,1
178664,0
178665,0
178666,0
178667,0
178668,0
178669,0
178670,0
178671,0
178672,2
178673,2
178674,2
178675,2
178676,1
178677,1
178678,0
178679,0
178680,0
178681,0
178682,0
178683,0
178684,0
178685,2
178686,2
178687,2
178688,2
178689,0
178690,0
178691,0
178692,0
178693,0
178694,0
178695,0
178696,0
178697,0
178698,0
178699,0
178700,0
178701,0
178702,0
178703,0
178704,0
178705,1
178706,2
178707,0
178708,0
178709,0
178710,0
178711,0
178712,0
178713,0
178714,0
178715,0
178716,0
178717,0
178718,0
178719,0
178720,0
178721,0
178722,4
178723,4
178724,4
178725,0
178726,0
178727,0
178728,0
178729,0
178730,0
178731,0
178732,0
178733,0
178734,2
178735,0
178736,0
178737,0
178738,0
178739,0
178740,0
178741,0
178742,0
178743,0
178744,1
178745,1
178746,1
178747,1
178748,0
178749,0
178750,1
178751,0
178752,2
178753,0
178754,2
178755,2
178756,2
178757,0
178758,0
178759,0
178760,0
178761,0
178762,0
178763,0
178764,0
178765,0
178766,0
178767,0
178768,2
178769,0
178770,0
178771,0
178772,1
178773,1
178774,0
178775,0
178776,0
178777,0
178778,0
178779,0
178780,0
178781,0
178782,0
178783,0
178784,0
178785,0
178786,0
178787,2
178788,0
178789,2
178790,1
178791,1
178792,1
178793,1
178794,1
178795,1
178796,1
178797,1
178798,1
178799,1
178800,0
178801,0
178802,0
178803,4
178804,4
178805,0
178806,0
178807,0
178808,0
178809,0
178810,1
178811,0
178812,0
178813,0
178814,0
178815,0
178816,0
178817,0
178818,0
178819,0
178820,0
178821,0
178822,0
178823,0
178824,2
178825,0
178826,0
178827,0
178828,0
178829,0
178830,0
178831,0
178832,0
178833,0
178834,0
178835,1
178836,2
178837,2
178838,2
178839,0
178840,0
178841,3
178842,3
178843,3
178844,3
178845,3
178846,0
178847,0
178848,0
178849,0
178850,0
178851,0
178852,3
178853,3
178854,1
178855,1
178856,0
178857,0
178858,0
178859,0
178860,0
178861,0
178862,0
178863,0
178864,1
178865,1
178866,1
178867,1
178868,1
178869,1
178870,0
178871,0
178872,0
178873,1
178874,1
178875,0
178876,1
178877,0
178878,0
178879,1
178880,1
178881,0
178882,0
178883,1
178884,1
178885,0
178886,1
178887,1
178888,1
178889,1
178890,1
178891,1
178892,0
178893,0
178894,0
178895,0
178896,1
178897,1
178898,0
178899,0
178900,0
178901,1
178902,0
178903,0
178904,0
178905,0
178906,3
178907,0
178908,1
178909,1
178910,1
178911,1
178912,0
178913,0
178914,0
178915,1
178916,2
178917,0
178918,0
178919,2
178920,2
178921,0
178922,2
178923,0
178924,0
178925,0
178926,0
178927,0
178928,0
178929,0
178930,2
178931,2
178932,0
178933,0
178934,0
178935,1
178936,1
178937,0
178938,0
178939,0
178940,2
178941,2
178942,2
178943,0
178944,0
178945,2
178946,0
178947,0
178948,0
178949,0
178950,0
178951,0
178952,1
178953,0
178954,0
178955,0
178956,0
178957,0
178958,0
178959,0
178960,0
178961,0
178962,0
178963,0
178964,0
178965,0
178966,0
178967,0
178968,0
178969,0
178970,1
178971,0
178972,0
178973,0
178974,1
178975,0
178976,0
178977,0
178978,0
178979,0
178980,0
178981,2
178982,2
178983,0
178984,2
178985,1
178986,0
178987,0
178988,1
178989,1
178990,0
178991,0
178992,0
178993,0
178994,0
178995,0
178996,0
178997,4
178998,4
178999,4
179000,4
179001,2
179002,2
179003,2
179004,0
179005,0
179006,0
179007,0
179008,0
179009,0
179010,0
179011,0
179012,1
179013,1
179014,0
179015,1
179016,1
179017,0
179018,0
179019,0
179020,0
179021,0
179022,0
179023,0
179024,2
179025,0
179026,0
179027,0
179028,2
179029,2
179030,0
179031,0
179032,0
179033,0
179034,0
179035,0
179036,0
179037,0
179038,0
179039,0
179040,0
179041,0
179042,0
179043,0
179044,0
179045,0
179046,0
179047,0
179048,0
179049,1
179050,1
179051,1
179052,2
179053,2
179054,2
179055,0
179056,1
179057,1
179058,1
179059,0
179060,0
179061,0
179062,0
179063,0
179064,0
179065,0
179066,0
179067,0
179068,0
179069,1
179070,1
179071,0
179072,1
179073,1
179074,0
179075,0
179076,1
179077,0
179078,1
179079,1
179080,0
179081,1
179082,0
179083,1
179084,0
179085,1
179086,0
179087,1
179088,1
179089,1
179090,1
179091,1
179092,1
179093,1
179094,0
179095,0
179096,0
179097,0
179098,1
179099,1
179100,1
179101,0
179102,2
179103,2
179104,2
179105,2
179106,0
179107,0
179108,2
179109,0
179110,0
179111,0
179112,0
179113,2
179114,2
179115,1
179116,0
179117,2
179118,2
179119,2
179120,0
179121,2
179122,0
179123,2
179124,2
179125,0
179126,0
179127,2
179128,2
179129,0
179130,0
179131,2
179132,0
179133,0
179134,0
179135,0
179136,0
179137,0
179138,0
179139,0
179140,0
179141,0
179142,0
179143,0
179144,1
179145,1
179146,0
179147,1
179148,0
179149,0
179150,0
179151,0
179152,0
179153,0
179154,0
179155,0
179156,0
179157,0
179158,0
179159,0
179160,0
179161,0
179162,0
179163,0
179164,0
179165,0
179166,0
179167,0
179168,0
179169,2
179170,0
179171,0
179172,0
179173,0
179174,0
179175,0
179176,0
179177,0
179178,0
179179,0
179180,0
179181,0
179182,0
179183,0
179184,0
179185,0
179186,0
179187,0
179188,2
179189,2
179190,0
179191,0
179192,0
179193,0
179194,0
179195,0
179196,0
179197,0
179198,0
179199,0
179200,0
179201,0
179202,0
179203,0
179204,2
179205,0
179206,2
179207,2
179208,2
179209,0
179210,2
179211,2
179212,2
179213,2
179214,2
179215,0
179216,0
179217,0
179218,0
179219,0
179220,2
179221,2
179222,2
179223,2
179224,0
179225,0
179226,1
179227,0
179228,1
179229,0
179230,0
179231,2
179232,0
179233,0
179234,0
179235,0
179236,0
179237,0
179238,0
179239,0
179240,0
179241,0
179242,0
179243,0
179244,0
179245,0
179246,0
179247,0
179248,0
179249,0
179250,0
179251,0
179252,0
179253,0
179254,0
179255,0
179256,0
179257,0
179258,0
179259,0
179260,0
179261,0
179262,0
179263,0
179264,2
179265,1
179266,1
179267,1
179268,0
179269,0
179270,2
179271,2
179272,0
179273,1
179274,2
179275,1
179276,1
179277,2
179278,0
179279,0
179280,0
179281,1
179282,0
179283,0
179284,0
179285,0
179286,0
179287,0
179288,0
179289,0
179290,0
179291,0
179292,0
179293,0
179294,0
179295,0
179296,0
179297,0
179298,0
179299,1
179300,0
179301,0
179302,1
179303,1
179304,0
179305,1
179306,0
179307,2
179308,2
179309,2
179310,0
179311,0
179312,0
179313,2
179314,2
179315,2
179316,1
179317,1
179318,1
179319,0
179320,0
179321,1
179322,0
179323,0
179324,0
179325,0
179326,2
179327,2
179328,2
179329,0
179330,0
179331,0
179332,0
179333,0
179334,0
179335,0
179336,0
179337,1
179338,0
179339,0
179340,0
179341,0
179342,0
179343,0
179344,0
179345,2
179346,0
179347,0
179348,1
179349,0
179350,0
179351,0
179352,0
179353,0
179354,0
179355,0
179356,0
179357,0
179358,1
179359,0
179360,1
179361,0
179362,0
179363,0
179364,0
179365,0
179366,0
179367,0
179368,0
179369,0
179370,0
179371,1
179372,1
179373,0
179374,0
179375,3
179376,0
179377,0
179378,0
179379,0
179380,0
179381,2
179382,0
179383,0
179384,0
179385,0
179386,0
179387,0
179388,0
179389,0
179390,0
179391,0
179392,0
179393,0
179394,0
179395,0
179396,0
179397,0
179398,0
179399,0
179400,0
179401,0
179402,1
179403,1
179404,0
179405,0
179406,0
179407,0
179408,0
179409,2
179410,1
179411,0
179412,0
179413,1
179414,0
179415,1
179416,1
179417,2
179418,2
179419,0
179420,0
179421,0
179422,0
179423,0
179424,0
179425,0
179426,0
179427,0
179428,0
179429,0
179430,0
179431,0
179432,0
179433,0
179434,0
179435,0
179436,0
179437,0
179438,0
179439,0
179440,0
179441,0
179442,0
179443,0
179444,0
179445,0
179446,0
179447,0
179448,0
179449,0
179450,0
179451,0
179452,0
179453,0
179454,0
179455,0
179456,0
179457,0
179458,0
179459,0
179460,0
179461,0
179462,0
179463,0
179464,0
179465,0
179466,0
179467,0
179468,1
179469,1
179470,0
179471,0
179472,0
179473,0
179474,0
179475,0
179476,0
179477,0
179478,0
179479,1
179480,0
179481,0
179482,0
179483,0
179484,0
179485,0
179486,0
179487,1
179488,0
179489,0
179490,0
179491,0
179492,0
179493,0
179494,0
179495,0
179496,0
179497,0
179498,0
179499,0
179500,2
179501,0
179502,0
179503,0
179504,0
179505,0
179506,1
179507,1
179508,0
179509,0
179510,1
179511,1
179512,0
179513,0
179514,0
179515,0
179516,0
179517,0
179518,0
179519,0
179520,0
179521,0
179522,0
179523,0
179524,0
179525,1
179526,1
179527,1
179528,1
179529,1
179530,2
179531,2
179532,1
179533,2
179534,0
179535,0
179536,0
179537,0
179538,0
179539,0
179540,0
179541,0
179542,0
179543,0
179544,0
179545,0
179546,0
179547,0
179548,0
179549,0
179550,0
179551,0
179552,0
179553,0
179554,0
179555,0
179556,1
179557,1
179558,1
179559,1
179560,0
179561,0
179562,0
179563,0
179564,1
179565,0
179566,0
179567,0
179568,0
179569,1
179570,1
179571,1
179572,1
179573,0
179574,0
179575,0
179576,0
179577,0
179578,0
179579,0
179580,0
179581,1
179582,1
179583,1
179584,0
179585,0
179586,0
179587,0
179588,2
179589,2
179590,0
179591,0
179592,0
179593,0
179594,0
179595,0
179596,0
179597,0
179598,0
179599,0
179600,0
179601,2
179602,2
179603,2
179604,2
179605,0
179606,0
179607,0
179608,0
179609,1
179610,1
179611,0
179612,0
179613,0
179614,0
179615,0
179616,0
179617,0
179618,0
179619,0
179620,1
179621,1
179622,1
179623,0
179624,0
179625,0
179626,0
179627,0
179628,0
179629,0
179630,0
179631,0
179632,0
179633,0
179634,0
179635,0
179636,0
179637,0
179638,0
179639,0
179640,0
179641,0
179642,0
179643,0
179644,0
179645,0
179646,0
179647,0
179648,1
179649,1
179650,1
179651,1
179652,1
179653,1
179654,1
179655,0
179656,0
179657,0
179658,0
179659,0
179660,0
179661,0
179662,0
179663,0
179664,0
179665,1
179666,1
179667,1
179668,1
179669,1
179670,0
179671,0
179672,0
179673,0
179674,0
179675,0
179676,0
179677,1
179678,0
179679,0
179680,2
179681,0
179682,0
179683,0
179684,0
179685,0
179686,2
179687,2
179688,2
179689,0
179690,2
179691,2
179692,0
179693,0
179694,0
179695,0
179696,0
179697,0
179698,0
179699,0
179700,0
179701,0
179702,2
179703,2
179704,0
179705,0
179706,0
179707,0
179708,1
179709,0
179710,0
179711,0
179712,0
179713,0
179714,0
179715,0
179716,0
179717,0
179718,0
179719,0
179720,0
179721,0
179722,0
179723,0
179724,0
179725,0
179726,0
179727,0
179728,0
179729,0
179730,0
179731,0
179732,0
179733,0
179734,2
179735,1
179736,1
179737,1
179738,1
179739,0
179740,0
179741,0
179742,0
179743,0
179744,0
179745,0
179746,1
179747,0
179748,0
179749,0
179750,0
179751,0
179752,0
179753,0
179754,0
179755,0
179756,1
179757,0
179758,0
179759,0
179760,0
179761,0
179762,1
179763,0
179764,0
179765,0
179766,1
179767,0
179768,0
179769,0
179770,0
179771,0
179772,0
179773,0
179774,0
179775,0
179776,0
179777,0
179778,0
179779,0
179780,0
179781,0
179782,0
179783,0
179784,0
179785,0
179786,0
179787,0
179788,0
179789,1
179790,0
179791,1
179792,0
179793,0
179794,0
179795,0
179796,0
179797,0
179798,0
179799,0
179800,0
179801,0
179802,0
179803,0
179804,0
179805,0
179806,0
179807,0
179808,0
179809,0
179810,0
179811,0
179812,0
179813,0
179814,0
179815,0
179816,2
179817,2
179818,2
179819,0
179820,0
179821,2
179822,0
179823,0
179824,0
179825,2
179826,0
179827,2
179828,0
179829,2
179830,0
179831,0
179832,0
179833,1
179834,0
179835,0
179836,0
179837,1
179838,0
179839,1
179840,1
179841,0
179842,0
179843,0
179844,1
179845,0
179846,0
179847,0
179848,0
179849,1
179850,1
179851,0
179852,0
179853,1
179854,1
179855,1
179856,0
179857,0
179858,1
179859,1
179860,1
179861,1
179862,0
179863,0
179864,0
179865,1
179866,1
179867,0
179868,1
179869,1
179870,0
179871,0
179872,0
179873,0
179874,0
179875,0
179876,0
179877,4
179878,2
179879,0
179880,2
179881,2
179882,2
179883,0
179884,0
179885,0
179886,0
179887,0
179888,0
179889,0
179890,0
179891,0
179892,2
179893,0
179894,0
179895,0
179896,2
179897,2
179898,2
179899,0
179900,0
179901,2
179902,0
179903,0
179904,0
179905,0
179906,0
179907,0
179908,0
179909,1
179910,1
179911,1
179912,1
179913,1
179914,1
179915,1
179916,1
179917,0
179918,0
179919,0
179920,0
179921,0
179922,0
179923,0
179924,0
179925,0
179926,0
179927,0
179928,0
179929,0
179930,0
179931,0
179932,0
179933,0
179934,0
179935,0
179936,0
179937,4
179938,2
179939,2
179940,2
179941,2
179942,2
179943,2
179944,2
179945,0
179946,0
179947,0
179948,1
179949,0
179950,0
179951,0
179952,0
179953,0
179954,0
179955,2
179956,2
179957,2
179958,0
179959,0
179960,0
179961,0
179962,1
179963,0
179964,0
179965,0
179966,0
179967,2
179968,0
179969,1
179970,0
179971,2
179972,0
179973,2
179974,2
179975,0
179976,0
179977,0
179978,0
179979,0
179980,0
179981,0
179982,0
179983,0
179984,0
179985,0
179986,0
179987,0
179988,0
179989,0
179990,0
179991,0
179992,0
179993,0
179994,1
179995,1
179996,1
179997,1
179998,1
179999,1
180000,0
180001,1
180002,0
180003,0
180004,0
180005,1
180006,1
180007,1
180008,0
180009,0
180010,0
180011,0
180012,0
180013,0
180014,1
180015,1
180016,0
180017,0
180018,0
180019,0
180020,1
180021,0
180022,0
180023,0
180024,0
180025,0
180026,0
180027,0
180028,0
180029,0
180030,0
180031,0
180032,0
180033,0
180034,0
180035,0
180036,0
180037,0
180038,0
180039,0
180040,0
180041,0
180042,0
180043,0
180044,0
180045,0
180046,0
180047,0
180048,0
180049,0
180050,0
180051,0
180052,0
180053,0
180054,0
180055,2
180056,0
180057,0
180058,0
180059,0
180060,0
180061,0
180062,0
180063,2
180064,2
180065,0
180066,0
180067,0
180068,0
180069,0
180070,0
180071,2
180072,2
180073,0
180074,0
180075,0
180076,0
180077,0
180078,0
180079,2
180080,0
180081,0
180082,0
180083,0
180084,0
180085,0
180086,0
180087,0
180088,0
180089,0
180090,0
180091,0
180092,0
180093,0
180094,0
180095,0
180096,1
180097,0
180098,0
180099,0
180100,0
180101,0
180102,1
180103,1
180104,0
180105,0
180106,0
180107,0
180108,0
180109,0
180110,0
180111,0
180112,0
180113,1
180114,1
180115,0
180116,0
180117,0
180118,0
180119,0
180120,0
180121,0
180122,0
180123,0
180124,0
180125,0
180126,2
180127,2
180128,0
180129,0
180130,0
180131,0
180132,0
180133,2
180134,0
180135,0
180136,2
180137,2
180138,0
180139,0
180140,0
180141,0
180142,0
180143,0
180144,0
180145,0
180146,0
180147,0
180148,0
180149,0
180150,0
180151,0
180152,0
180153,0
180154,0
180155,0
180156,0
180157,0
180158,0
180159,0
180160,0
180161,0
180162,0
180163,0
180164,0
180165,0
180166,0
180167,0
180168,0
180169,0
180170,0
180171,0
180172,0
180173,2
180174,0
180175,0
180176,0
180177,0
180178,1
180179,1
180180,0
180181,0
180182,0
180183,0
180184,0
180185,0
180186,0
180187,1
180188,0
180189,0
180190,0
180191,0
180192,0
180193,1
180194,0
180195,0
180196,0
180197,0
180198,0
180199,0
180200,0
180201,0
180202,0
180203,0
180204,0
180205,0
180206,2
180207,2
180208,0
180209,0
180210,2
180211,0
180212,2
180213,0
180214,0
180215,0
180216,0
180217,0
180218,0
180219,0
180220,0
180221,0
180222,0
180223,0
180224,0
180225,0
180226,0
180227,1
180228,0
180229,0
180230,1
180231,0
180232,0
180233,0
180234,0
180235,0
180236,0
180237,0
180238,0
180239,0
180240,0
180241,2
180242,0
180243,2
180244,0
180245,0
180246,0
180247,0
180248,0
180249,0
180250,0
180251,0
180252,0
180253,0
180254,0
180255,2
180256,0
180257,0
180258,0
180259,1
180260,1
180261,1
180262,1
180263,1
180264,0
180265,0
180266,0
180267,0
180268,0
180269,0
180270,0
180271,0
180272,2
180273,0
180274,2
180275,2
180276,0
180277,0
180278,0
180279,0
180280,0
180281,0
180282,0
180283,0
180284,0
180285,0
180286,2
180287,2
180288,0
180289,2
180290,0
180291,0
180292,0
180293,0
180294,0
180295,0
180296,0
180297,0
180298,0
180299,0
180300,0
180301,0
180302,0
180303,2
180304,2
180305,2
180306,0
180307,0
180308,0
180309,0
180310,0
180311,0
180312,0
180313,0
180314,0
180315,0
180316,0
180317,0
180318,0
180319,2
180320,2
180321,2
180322,2
180323,2
180324,2
180325,2
180326,2
180327,0
180328,0
180329,0
180330,0
180331,0
180332,0
180333,0
180334,0
180335,0
180336,0
180337,0
180338,0
180339,0
180340,0
180341,0
180342,0
180343,0
180344,0
180345,1
180346,1
180347,1
180348,0
180349,0
180350,0
180351,0
180352,0
180353,0
180354,0
180355,0
180356,0
180357,0
180358,0
180359,0
180360,0
180361,0
180362,0
180363,0
180364,0
180365,0
180366,0
180367,0
180368,0
180369,0
180370,1
180371,0
180372,0
180373,0
180374,0
180375,0
180376,0
180377,2
180378,0
180379,0
180380,0
180381,0
180382,0
180383,0
180384,0
180385,0
180386,0
180387,0
180388,0
180389,0
180390,0
180391,1
180392,1
180393,1
180394,1
180395,0
180396,0
180397,0
180398,0
180399,0
180400,0
180401,0
180402,0
180403,1
180404,1
180405,1
180406,0
180407,0
180408,0
180409,0
180410,0
180411,0
180412,0
180413,0
180414,0
180415,0
180416,1
180417,1
180418,1
180419,1
180420,2
180421,1
180422,0
180423,0
180424,0
180425,0
180426,0
180427,0
180428,0
180429,0
180430,0
180431,0
180432,0
180433,0
180434,2
180435,1
180436,2
180437,2
180438,2
180439,2
180440,2
180441,2
180442,2
180443,0
180444,0
180445,1
180446,0
180447,0
180448,0
180449,0
180450,1
180451,0
180452,0
180453,0
180454,0
180455,0
180456,0
180457,1
180458,1
180459,0
180460,0
180461,0
180462,0
180463,0
180464,0
180465,0
180466,0
180467,0
180468,2
180469,0
180470,0
180471,0
180472,2
180473,2
180474,0
180475,0
180476,0
180477,0
180478,2
180479,2
180480,0
180481,0
180482,2
180483,2
180484,2
180485,2
180486,0
180487,0
180488,0
180489,2
180490,2
180491,2
180492,0
180493,2
180494,2
180495,2
180496,2
180497,2
180498,2
180499,2
180500,2
180501,1
180502,1
180503,1
180504,0
180505,0
180506,0
180507,0
180508,0
180509,2
180510,0
180511,0
180512,0
180513,0
180514,0
180515,0
180516,0
180517,1
180518,1
180519,0
180520,1
180521,0
180522,1
180523,0
180524,0
180525,0
180526,0
180527,0
180528,0
180529,0
180530,0
180531,0
180532,0
180533,0
180534,0
180535,2
180536,0
180537,0
180538,0
180539,2
180540,0
180541,0
180542,0
180543,0
180544,0
180545,0
180546,0
180547,0
180548,0
180549,0
180550,0
180551,0
180552,0
180553,2
180554,2
180555,2
180556,0
180557,0
180558,0
180559,0
180560,0
180561,1
180562,1
180563,0
180564,0
180565,0
180566,0
180567,0
180568,0
180569,0
180570,0
180571,0
180572,0
180573,0
180574,0
180575,0
180576,0
180577,0
180578,0
180579,0
180580,0
180581,0
180582,0
180583,0
180584,0
180585,0
180586,4
180587,4
180588,4
180589,4
180590,4
180591,1
180592,0
180593,0
180594,0
180595,0
180596,0
180597,0
180598,1
180599,1
180600,0
180601,0
180602,0
180603,0
180604,0
180605,1
180606,0
180607,0
180608,0
180609,1
180610,1
180611,0
180612,0
180613,0
180614,0
180615,0
180616,0
180617,0
180618,0
180619,0
180620,0
180621,0
180622,0
180623,0
180624,0
180625,0
180626,0
180627,0
180628,0
180629,0
180630,0
180631,0
180632,0
180633,0
180634,0
180635,0
180636,0
180637,0
180638,2
180639,0
180640,0
180641,0
180642,0
180643,0
180644,0
180645,0
180646,0
180647,0
180648,0
180649,0
180650,0
180651,0
180652,0
180653,0
180654,0
180655,0
180656,0
180657,0
180658,0
180659,0
180660,0
180661,0
180662,0
180663,0
180664,0
180665,0
180666,0
180667,0
180668,0
180669,0
180670,0
180671,0
180672,0
180673,0
180674,0
180675,0
180676,2
180677,0
180678,0
180679,0
180680,0
180681,0
180682,0
180683,0
180684,0
180685,0
180686,0
180687,0
180688,1
180689,2
180690,2
180691,1
180692,1
180693,1
180694,1
180695,1
180696,0
180697,1
180698,1
180699,0
180700,0
180701,0
180702,1
180703,0
180704,0
180705,0
180706,2
180707,0
180708,0
180709,0
180710,0
180711,0
180712,1
180713,1
180714,0
180715,0
180716,0
180717,0
180718,1
180719,0
180720,0
180721,0
180722,4
180723,2
180724,2
180725,2
180726,2
180727,0
180728,2
180729,2
180730,1
180731,0
180732,1
180733,0
180734,0
180735,2
180736,0
180737,2
180738,2
180739,2
180740,0
180741,0
180742,0
180743,0
180744,2
180745,2
180746,2
180747,2
180748,2
180749,2
180750,1
180751,0
180752,1
180753,2
180754,2
180755,0
180756,0
180757,0
180758,0
180759,0
180760,0
180761,0
180762,0
180763,0
180764,0
180765,0
180766,0
180767,0
180768,0
180769,0
180770,0
180771,0
180772,0
180773,0
180774,0
180775,0
180776,0
180777,0
180778,0
180779,0
180780,0
180781,0
180782,0
180783,1
180784,1
180785,1
180786,1
180787,0
180788,0
180789,2
180790,0
180791,0
180792,0
180793,2
180794,0
180795,0
180796,0
180797,0
180798,0
180799,0
180800,4
180801,2
180802,0
180803,0
180804,0
180805,0
180806,0
180807,2
180808,1
180809,1
180810,1
180811,1
180812,1
180813,0
180814,1
180815,0
180816,1
180817,1
180818,1
180819,1
180820,0
180821,0
180822,0
180823,0
180824,0
180825,0
180826,0
180827,0
180828,0
180829,0
180830,0
180831,0
180832,0
180833,0
180834,0
180835,1
180836,1
180837,1
180838,0
180839,0
180840,1
180841,2
180842,2
180843,0
180844,0
180845,1
180846,1
180847,0
180848,1
180849,0
180850,0
180851,0
180852,0
180853,0
180854,0
180855,0
180856,0
180857,2
180858,1
180859,1
180860,1
180861,1
180862,1
180863,0
180864,0
180865,0
180866,2
180867,0
180868,0
180869,0
180870,0
180871,0
180872,0
180873,0
180874,0
180875,0
180876,0
180877,0
180878,0
180879,2
180880,0
180881,0
180882,0
180883,0
180884,0
180885,0
180886,0
180887,0
180888,0
180889,0
180890,0
180891,0
180892,0
180893,0
180894,0
180895,0
180896,0
180897,0
180898,0
180899,0
180900,0
180901,0
180902,0
180903,0
180904,0
180905,0
180906,0
180907,0
180908,0
180909,0
180910,0
180911,0
180912,0
180913,0
180914,0
180915,0
180916,0
180917,4
180918,0
180919,0
180920,0
180921,0
180922,0
180923,0
180924,0
180925,0
180926,0
180927,0
180928,0
180929,0
180930,0
180931,0
180932,0
180933,0
180934,0
180935,4
180936,4
180937,1
180938,1
180939,1
180940,1
180941,1
180942,1
180943,1
180944,0
180945,1
180946,1
180947,0
180948,0
180949,0
180950,0
180951,0
180952,0
180953,0
180954,0
180955,0
180956,0
180957,1
180958,0
180959,0
180960,0
180961,1
180962,0
180963,0
180964,1
180965,0
180966,1
180967,1
180968,0
180969,0
180970,0
180971,0
180972,0
180973,0
180974,1
180975,1
180976,0
180977,0
180978,0
180979,0
180980,0
180981,0
180982,0
180983,0
180984,0
180985,0
180986,0
180987,0
180988,0
180989,0
180990,0
180991,0
180992,0
180993,0
180994,0
180995,0
180996,0
180997,0
180998,0
180999,0
181000,1
181001,0
181002,0
181003,0
181004,0
181005,0
181006,0
181007,0
181008,0
181009,0
181010,0
181011,1
181012,1
181013,0
181014,1
181015,0
181016,1
181017,0
181018,1
181019,1
181020,1
181021,1
181022,1
181023,1
181024,1
181025,1
181026,0
181027,0
181028,0
181029,0
181030,0
181031,0
181032,0
181033,0
181034,0
181035,0
181036,0
181037,0
181038,0
181039,0
181040,0
181041,0
181042,0
181043,0
181044,0
181045,0
181046,0
181047,0
181048,0
181049,0
181050,0
181051,1
181052,0
181053,1
181054,0
181055,1
181056,0
181057,0
181058,0
181059,0
181060,0
181061,0
181062,0
181063,0
181064,1
181065,1
181066,1
181067,1
181068,0
181069,2
181070,1
181071,1
181072,1
181073,0
181074,1
181075,1
181076,1
181077,0
181078,1
181079,1
181080,1
181081,1
181082,0
181083,2
181084,2
181085,0
181086,0
181087,0
181088,0
181089,0
181090,0
181091,0
181092,0
181093,0
181094,0
181095,2
181096,0
181097,0
181098,0
181099,0
181100,0
181101,0
181102,0
181103,0
181104,0
181105,0
181106,0
181107,0
181108,0
181109,0
181110,0
181111,0
181112,0
181113,0
181114,0
181115,0
181116,0
181117,0
181118,0
181119,0
181120,1
181121,1
181122,0
181123,0
181124,0
181125,0
181126,0
181127,1
181128,1
181129,1
181130,2
181131,0
181132,0
181133,0
181134,0
181135,0
181136,0
181137,0
181138,0
181139,0
181140,0
181141,0
181142,0
181143,0
181144,0
181145,0
181146,1
181147,1
181148,1
181149,1
181150,0
181151,0
181152,0
181153,0
181154,0
181155,0
181156,0
181157,0
181158,0
181159,0
181160,0
181161,0
181162,0
181163,0
181164,0
181165,0
181166,0
181167,0
181168,0
181169,0
181170,4
181171,4
181172,2
181173,2
181174,2
181175,2
181176,0
181177,2
181178,2
181179,0
181180,2
181181,4
181182,1
181183,1
181184,0
181185,0
181186,0
181187,1
181188,0
181189,0
181190,2
181191,0
181192,0
181193,2
181194,0
181195,0
181196,0
181197,0
181198,0
181199,0
181200,1
181201,0
181202,0
181203,1
181204,1
181205,1
181206,0
181207,0
181208,0
181209,0
181210,0
181211,0
181212,0
181213,0
181214,0
181215,0
181216,0
181217,0
181218,0
181219,0
181220,0
181221,0
181222,2
181223,0
181224,0
181225,0
181226,0
181227,0
181228,4
181229,4
181230,1
181231,1
181232,0
181233,0
181234,0
181235,0
181236,0
181237,0
181238,0
181239,0
181240,0
181241,2
181242,1
181243,0
181244,0
181245,0
181246,0
181247,0
181248,0
181249,0
181250,0
181251,0
181252,0
181253,0
181254,0
181255,0
181256,0
181257,0
181258,0
181259,0
181260,0
181261,0
181262,0
181263,0
181264,0
181265,0
181266,0
181267,0
181268,0
181269,0
181270,1
181271,3
181272,3
181273,3
181274,1
181275,1
181276,0
181277,0
181278,2
181279,2
181280,2
181281,2
181282,0
181283,0
181284,0
181285,0
181286,0
181287,0
181288,0
181289,1
181290,0
181291,0
181292,0
181293,0
181294,0
181295,0
181296,0
181297,0
181298,0
181299,0
181300,0
181301,0
181302,0
181303,0
181304,0
181305,0
181306,0
181307,0
181308,0
181309,0
181310,0
181311,1
181312,0
181313,0
181314,0
181315,0
181316,0
181317,0
181318,0
181319,0
181320,0
181321,0
181322,0
181323,0
181324,0
181325,0
181326,0
181327,0
181328,0
181329,0
181330,0
181331,0
181332,0
181333,0
181334,0
181335,0
181336,0
181337,0
181338,0
181339,0
181340,0
181341,0
181342,0
181343,0
181344,0
181345,0
181346,0
181347,0
181348,0
181349,0
181350,0
181351,0
181352,0
181353,0
181354,0
181355,1
181356,0
181357,0
181358,0
181359,0
181360,0
181361,0
181362,0
181363,0
181364,0
181365,0
181366,0
181367,0
181368,0
181369,0
181370,0
181371,0
181372,0
181373,0
181374,0
181375,0
181376,0
181377,0
181378,0
181379,0
181380,0
181381,0
181382,0
181383,0
181384,0
181385,0
181386,0
181387,0
181388,0
181389,0
181390,0
181391,0
181392,0
181393,0
181394,0
181395,0
181396,0
181397,0
181398,0
181399,0
181400,0
181401,0
181402,0
181403,0
181404,0
181405,0
181406,1
181407,1
181408,1
181409,0
181410,1
181411,1
181412,1
181413,1
181414,0
181415,0
181416,0
181417,0
181418,0
181419,0
181420,0
181421,0
181422,0
181423,0
181424,0
181425,0
181426,1
181427,1
181428,0
181429,1
181430,0
181431,0
181432,0
181433,0
181434,0
181435,0
181436,0
181437,0
181438,0
181439,0
181440,0
181441,0
181442,0
181443,0
181444,0
181445,0
181446,1
181447,0
181448,1
181449,3
181450,3
181451,3
181452,3
181453,3
181454,1
181455,1
181456,0
181457,1
181458,1
181459,1
181460,1
181461,0
181462,0
181463,0
181464,0
181465,0
181466,0
181467,0
181468,0
181469,0
181470,0
181471,0
181472,0
181473,0
181474,0
181475,0
181476,0
181477,0
181478,0
181479,0
181480,0
181481,0
181482,0
181483,0
181484,0
181485,0
181486,0
181487,0
181488,0
181489,0
181490,0
181491,0
181492,0
181493,0
181494,0
181495,0
181496,1
181497,1
181498,1
181499,1
181500,0
181501,0
181502,0
181503,0
181504,0
181505,0
181506,0
181507,0
181508,0
181509,1
181510,0
181511,0
181512,0
181513,0
181514,0
181515,0
181516,0
181517,0
181518,0
181519,0
181520,0
181521,0
181522,0
181523,0
181524,0
181525,0
181526,0
181527,1
181528,0
181529,0
181530,0
181531,0
181532,1
181533,1
181534,1
181535,1
181536,0
181537,0
181538,1
181539,1
181540,0
181541,0
181542,0
181543,0
181544,1
181545,0
181546,1
181547,1
181548,0
181549,1
181550,1
181551,1
181552,1
181553,1
181554,1
181555,1
181556,1
181557,0
181558,1
181559,1
181560,0
181561,0
181562,0
181563,0
181564,0
181565,0
181566,0
181567,0
181568,0
181569,3
181570,3
181571,3
181572,3
181573,3
181574,3
181575,1
181576,1
181577,1
181578,0
181579,0
181580,1
181581,0
181582,2
181583,0
181584,0
181585,2
181586,1
181587,1
181588,0
181589,1
181590,1
181591,0
181592,0
181593,0
181594,0
181595,1
181596,1
181597,1
181598,1
181599,1
181600,1
181601,0
181602,0
181603,0
181604,0
181605,1
181606,1
181607,0
181608,0
181609,0
181610,0
181611,0
181612,0
181613,0
181614,1
181615,0
181616,0
181617,0
181618,0
181619,0
181620,1
181621,0
181622,0
181623,2
181624,2
181625,0
181626,2
181627,2
181628,0
181629,0
181630,0
181631,0
181632,0
181633,0
181634,2
181635,0
181636,0
181637,0
181638,0
181639,0
181640,0
181641,1
181642,0
181643,1
181644,1
181645,0
181646,2
181647,0
181648,0
181649,0
181650,0
181651,0
181652,0
181653,0
181654,0
181655,0
181656,0
181657,0
181658,0
181659,0
181660,0
181661,0
181662,0
181663,0
181664,0
181665,0
181666,0
181667,0
181668,0
181669,0
181670,0
181671,0
181672,0
181673,0
181674,0
181675,0
181676,0
181677,0
181678,0
181679,0
181680,0
181681,0
181682,0
181683,0
181684,0
181685,0
181686,1
181687,1
181688,1
181689,1
181690,0
181691,1
181692,1
181693,1
181694,0
181695,1
181696,0
181697,0
181698,2
181699,2
181700,2
181701,0
181702,0
181703,0
181704,0
181705,0
181706,0
181707,0
181708,0
181709,2
181710,0
181711,0
181712,1
181713,0
181714,0
181715,0
181716,0
181717,0
181718,0
181719,0
181720,1
181721,1
181722,1
181723,0
181724,1
181725,1
181726,1
181727,0
181728,0
181729,0
181730,0
181731,0
181732,0
181733,0
181734,0
181735,0
181736,0
181737,0
181738,0
181739,0
181740,0
181741,0
181742,0
181743,0
181744,0
181745,0
181746,0
181747,0
181748,0
181749,0
181750,0
181751,0
181752,0
181753,0
181754,1
181755,1
181756,1
181757,0
181758,0
181759,1
181760,1
181761,1
181762,0
181763,0
181764,0
181765,0
181766,0
181767,1
181768,1
181769,1
181770,1
181771,1
181772,1
181773,0
181774,0
181775,0
181776,0
181777,0
181778,0
181779,0
181780,0
181781,0
181782,0
181783,0
181784,0
181785,0
181786,0
181787,0
181788,0
181789,0
181790,0
181791,0
181792,1
181793,0
181794,0
181795,2
181796,2
181797,0
181798,0
181799,0
181800,0
181801,0
181802,0
181803,0
181804,0
181805,1
181806,1
181807,0
181808,0
181809,0
181810,0
181811,0
181812,0
181813,0
181814,0
181815,0
181816,0
181817,0
181818,0
181819,0
181820,0
181821,0
181822,0
181823,0
181824,0
181825,0
181826,0
181827,0
181828,0
181829,0
181830,0
181831,0
181832,0
181833,1
181834,0
181835,0
181836,1
181837,2
181838,1
181839,1
181840,1
181841,0
181842,0
181843,0
181844,0
181845,0
181846,0
181847,0
181848,0
181849,0
181850,1
181851,1
181852,2
181853,0
181854,2
181855,2
181856,1
181857,0
181858,2
181859,0
181860,4
181861,4
181862,2
181863,2
181864,2
181865,1
181866,1
181867,2
181868,2
181869,0
181870,0
181871,1
181872,0
181873,1
181874,1
181875,0
181876,2
181877,1
181878,0
181879,0
181880,0
181881,0
181882,0
181883,0
181884,0
181885,0
181886,0
181887,0
181888,1
181889,0
181890,0
181891,0
181892,0
181893,0
181894,1
181895,1
181896,1
181897,1
181898,0
181899,0
181900,0
181901,0
181902,0
181903,0
181904,0
181905,0
181906,0
181907,0
181908,1
181909,1
181910,1
181911,1
181912,1
181913,0
181914,0
181915,0
181916,1
181917,0
181918,0
181919,0
181920,0
181921,0
181922,1
181923,1
181924,0
181925,0
181926,0
181927,0
181928,0
181929,0
181930,0
181931,0
181932,0
181933,0
181934,0
181935,0
181936,0
181937,0
181938,0
181939,0
181940,0
181941,0
181942,0
181943,0
181944,0
181945,0
181946,0
181947,0
181948,0
181949,1
181950,0
181951,0
181952,0
181953,1
181954,0
181955,0
181956,0
181957,0
181958,0
181959,0
181960,0
181961,0
181962,0
181963,0
181964,0
181965,0
181966,0
181967,0
181968,0
181969,0
181970,1
181971,0
181972,1
181973,1
181974,1
181975,1
181976,1
181977,0
181978,0
181979,0
181980,0
181981,0
181982,0
181983,0
181984,0
181985,0
181986,0
181987,0
181988,0
181989,0
181990,0
181991,0
181992,0
181993,0
181994,0
181995,1
181996,0
181997,1
181998,1
181999,1
182000,2
182001,2
182002,2
182003,2
182004,0
182005,0
182006,0
182007,0
182008,2
182009,2
182010,0
182011,0
182012,0
182013,0
182014,0
182015,2
182016,2
182017,0
182018,0
182019,0
182020,0
182021,0
182022,0
182023,0
182024,0
182025,0
182026,0
182027,0
182028,0
182029,0
182030,0
182031,0
182032,0
182033,0
182034,0
182035,0
182036,0
182037,0
182038,0
182039,0
182040,0
182041,0
182042,0
182043,0
182044,0
182045,0
182046,4
182047,4
182048,4
182049,2
182050,2
182051,2
182052,2
182053,2
182054,2
182055,0
182056,2
182057,0
182058,0
182059,0
182060,0
182061,0
182062,0
182063,0
182064,0
182065,0
182066,2
182067,1
182068,0
182069,0
182070,0
182071,0
182072,0
182073,0
182074,0
182075,1
182076,0
182077,0
182078,0
182079,1
182080,2
182081,2
182082,2
182083,2
182084,2
182085,2
182086,0
182087,2
182088,0
182089,0
182090,0
182091,0
182092,0
182093,0
182094,0
182095,0
182096,0
182097,0
182098,2
182099,1
182100,0
182101,2
182102,0
182103,0
182104,0
182105,0
182106,0
182107,0
182108,1
182109,0
182110,1
182111,0
182112,0
182113,0
182114,0
182115,0
182116,0
182117,0
182118,0
182119,0
182120,0
182121,0
182122,0
182123,4
182124,0
182125,4
182126,4
182127,0
182128,0
182129,0
182130,0
182131,4
182132,4
182133,4
182134,4
182135,2
182136,0
182137,1
182138,1
182139,1
182140,0
182141,0
182142,1
182143,0
182144,0
182145,0
182146,1
182147,1
182148,0
182149,0
182150,0
182151,0
182152,0
182153,0
182154,0
182155,0
182156,0
182157,1
182158,1
182159,1
182160,1
182161,1
182162,1
182163,0
182164,0
182165,0
182166,0
182167,1
182168,1
182169,0
182170,0
182171,0
182172,0
182173,0
182174,0
182175,0
182176,0
182177,0
182178,0
182179,0
182180,0
182181,0
182182,0
182183,0
182184,3
182185,0
182186,0
182187,0
182188,0
182189,0
182190,0
182191,0
182192,0
182193,0
182194,3
182195,3
182196,3
182197,3
182198,1
182199,1
182200,1
182201,2
182202,0
182203,0
182204,0
182205,1
182206,0
182207,1
182208,1
182209,1
182210,3
182211,3
182212,3
182213,3
182214,1
182215,1
182216,0
182217,0
182218,0
182219,0
182220,0
182221,0
182222,1
182223,1
182224,1
182225,2
182226,1
182227,1
182228,1
182229,1
182230,0
182231,0
182232,0
182233,0
182234,0
182235,0
182236,0
182237,0
182238,0
182239,3
182240,3
182241,3
182242,3
182243,1
182244,1
182245,1
182246,1
182247,1
182248,1
182249,0
182250,0
182251,1
182252,1
182253,0
182254,0
182255,0
182256,0
182257,0
182258,0
182259,0
182260,0
182261,0
182262,0
182263,0
182264,0
182265,0
182266,0
182267,0
182268,0
182269,0
182270,0
182271,0
182272,0
182273,0
182274,0
182275,0
182276,0
182277,0
182278,0
182279,0
182280,0
182281,0
182282,0
182283,0
182284,0
182285,1
182286,0
182287,0
182288,0
182289,0
182290,0
182291,0
182292,0
182293,0
182294,0
182295,0
182296,0
182297,0
182298,0
182299,0
182300,0
182301,0
182302,0
182303,0
182304,0
182305,0
182306,0
182307,0
182308,0
182309,2
182310,2
182311,0
182312,0
182313,0
182314,0
182315,0
182316,0
182317,0
182318,0
182319,0
182320,0
182321,0
182322,0
182323,0
182324,0
182325,0
182326,0
182327,0
182328,0
182329,0
182330,0
182331,0
182332,0
182333,0
182334,0
182335,0
182336,0
182337,2
182338,2
182339,0
182340,2
182341,2
182342,2
182343,2
182344,0
182345,0
182346,2
182347,2
182348,0
182349,0
182350,0
182351,2
182352,0
182353,0
182354,0
182355,0
182356,0
182357,0
182358,0
182359,0
182360,0
182361,0
182362,0
182363,0
182364,0
182365,0
182366,0
182367,0
182368,0
182369,0
182370,0
182371,0
182372,0
182373,0
182374,0
182375,0
182376,2
182377,2
182378,0
182379,0
182380,0
182381,0
182382,0
182383,0
182384,0
182385,0
182386,0
182387,2
182388,2
182389,0
182390,2
182391,0
182392,2
182393,2
182394,2
182395,3
182396,0
182397,3
182398,3
182399,3
182400,3
182401,3
182402,3
182403,3
182404,1
182405,3
182406,1
182407,3
182408,1
182409,1
182410,0
182411,1
182412,0
182413,0
182414,0
182415,0
182416,0
182417,0
182418,0
182419,0
182420,1
182421,3
182422,1
182423,1
182424,1
182425,1
182426,1
182427,1
182428,0
182429,0
182430,0
182431,0
182432,0
182433,0
182434,2
182435,4
182436,2
182437,2
182438,0
182439,0
182440,0
182441,0
182442,0
182443,0
182444,0
182445,0
182446,0
182447,0
182448,0
182449,0
182450,0
182451,0
182452,0
182453,0
182454,1
182455,0
182456,1
182457,1
182458,1
182459,0
182460,0
182461,0
182462,0
182463,1
182464,1
182465,1
182466,1
182467,1
182468,2
182469,2
182470,0
182471,2
182472,0
182473,0
182474,0
182475,0
182476,0
182477,0
182478,0
182479,1
182480,1
182481,0
182482,0
182483,0
182484,0
182485,2
182486,2
182487,2
182488,2
182489,2
182490,2
182491,0
182492,0
182493,0
182494,0
182495,0
182496,0
182497,2
182498,0
182499,2
182500,2
182501,2
182502,2
182503,2
182504,2
182505,0
182506,0
182507,0
182508,2
182509,2
182510,0
182511,1
182512,0
182513,0
182514,0
182515,0
182516,0
182517,0
182518,0
182519,0
182520,0
182521,0
182522,0
182523,0
182524,0
182525,0
182526,0
182527,2
182528,0
182529,0
182530,0
182531,2
182532,2
182533,2
182534,2
182535,0
182536,0
182537,0
182538,0
182539,0
182540,0
182541,4
182542,4
182543,0
182544,0
182545,0
182546,0
182547,4
182548,2
182549,2
182550,1
182551,1
182552,1
182553,1
182554,1
182555,0
182556,0
182557,0
182558,0
182559,0
182560,0
182561,0
182562,0
182563,0
182564,0
182565,0
182566,0
182567,0
182568,0
182569,0
182570,0
182571,0
182572,1
182573,1
182574,1
182575,0
182576,0
182577,0
182578,0
182579,0
182580,0
182581,1
182582,1
182583,1
182584,1
182585,1
182586,0
182587,0
182588,0
182589,0
182590,0
182591,0
182592,0
182593,0
182594,0
182595,0
182596,0
182597,0
182598,0
182599,0
182600,0
182601,0
182602,0
182603,2
182604,0
182605,0
182606,0
182607,0
182608,0
182609,0
182610,0
182611,0
182612,0
182613,0
182614,0
182615,0
182616,0
182617,0
182618,4
182619,2
182620,0
182621,0
182622,1
182623,0
182624,0
182625,2
182626,2
182627,2
182628,0
182629,0
182630,0
182631,2
182632,0
182633,0
182634,0
182635,0
182636,1
182637,1
182638,1
182639,0
182640,1
182641,0
182642,1
182643,1
182644,1
182645,0
182646,0
182647,0
182648,0
182649,0
182650,1
182651,2
182652,0
182653,0
182654,0
182655,0
182656,0
182657,0
182658,0
182659,0
182660,1
182661,0
182662,0
182663,0
182664,1
182665,0
182666,0
182667,0
182668,0
182669,0
182670,1
182671,0
182672,0
182673,0
182674,0
182675,0
182676,0
182677,0
182678,0
182679,0
182680,0
182681,0
182682,0
182683,0
182684,0
182685,0
182686,0
182687,0
182688,0
182689,0
182690,0
182691,0
182692,0
182693,0
182694,0
182695,0
182696,0
182697,0
182698,0
182699,0
182700,0
182701,0
182702,0
182703,0
182704,0
182705,0
182706,0
182707,0
182708,0
182709,0
182710,0
182711,0
182712,0
182713,0
182714,0
182715,0
182716,0
182717,0
182718,0
182719,0
182720,4
182721,0
182722,0
182723,2
182724,2
182725,0
182726,0
182727,0
182728,0
182729,4
182730,4
182731,0
182732,0
182733,4
182734,0
182735,0
182736,4
182737,4
182738,4
182739,4
182740,2
182741,4
182742,0
182743,1
182744,2
182745,2
182746,0
182747,2
182748,2
182749,0
182750,0
182751,0
182752,3
182753,3
182754,3
182755,1
182756,0
182757,0
182758,1
182759,1
182760,1
182761,1
182762,1
182763,1
182764,1
182765,1
182766,1
182767,0
182768,0
182769,0
182770,0
182771,0
182772,0
182773,0
182774,0
182775,0
182776,0
182777,0
182778,0
182779,0
182780,0
182781,0
182782,1
182783,0
182784,0
182785,0
182786,1
182787,1
182788,1
182789,1
182790,0
182791,0
182792,0
182793,0
182794,4
182795,0
182796,0
182797,0
182798,0
182799,0
182800,0
182801,0
182802,0
182803,0
182804,0
182805,0
182806,0
182807,0
182808,0
182809,0
182810,0
182811,0
182812,0
182813,4
182814,4
182815,0
182816,2
182817,2
182818,0
182819,0
182820,0
182821,0
182822,1
182823,0
182824,0
182825,0
182826,1
182827,1
182828,1
182829,1
182830,0
182831,1
182832,0
182833,0
182834,0
182835,0
182836,0
182837,0
182838,0
182839,0
182840,0
182841,0
182842,0
182843,0
182844,0
182845,0
182846,0
182847,0
182848,0
182849,0
182850,0
182851,0
182852,2
182853,0
182854,2
182855,2
182856,2
182857,2
182858,0
182859,0
182860,0
182861,0
182862,0
182863,0
182864,0
182865,0
182866,0
182867,0
182868,0
182869,0
182870,1
182871,0
182872,1
182873,0
182874,0
182875,2
182876,0
182877,0
182878,0
182879,0
182880,0
182881,0
182882,0
182883,0
182884,0
182885,0
182886,0
182887,1
182888,1
182889,0
182890,0
182891,0
182892,0
182893,0
182894,0
182895,0
182896,0
182897,0
182898,0
182899,0
182900,0
182901,0
182902,0
182903,1
182904,1
182905,1
182906,0
182907,1
182908,1
182909,0
182910,0
182911,1
182912,1
182913,1
182914,0
182915,0
182916,0
182917,0
182918,1
182919,1
182920,0
182921,0
182922,0
182923,1
182924,1
182925,0
182926,1
182927,0
182928,1
182929,1
182930,0
182931,2
182932,0
182933,0
182934,1
182935,0
182936,0
182937,0
182938,0
182939,0
182940,2
182941,0
182942,2
182943,2
182944,0
182945,0
182946,0
182947,0
182948,0
182949,0
182950,0
182951,0
182952,0
182953,0
182954,1
182955,1
182956,1
182957,0
182958,0
182959,1
182960,0
182961,0
182962,0
182963,0
182964,0
182965,0
182966,0
182967,0
182968,1
182969,1
182970,0
182971,1
182972,1
182973,0
182974,0
182975,0
182976,0
182977,1
182978,1
182979,0
182980,0
182981,0
182982,1
182983,0
182984,1
182985,1
182986,0
182987,1
182988,1
182989,2
182990,2
182991,0
182992,0
182993,0
182994,0
182995,0
182996,0
182997,0
182998,0
182999,0
183000,0
183001,0
183002,0
183003,0
183004,0
183005,0
183006,0
183007,0
183008,0
183009,0
183010,0
183011,0
183012,1
183013,1
183014,1
183015,2
183016,2
183017,0
183018,0
183019,0
183020,0
183021,0
183022,0
183023,1
183024,0
183025,0
183026,0
183027,0
183028,0
183029,0
183030,0
183031,0
183032,0
183033,0
183034,0
183035,0
183036,4
183037,0
183038,0
183039,0
183040,0
183041,0
183042,0
183043,0
183044,0
183045,0
183046,0
183047,4
183048,4
183049,3
183050,2
183051,2
183052,0
183053,0
183054,0
183055,2
183056,2
183057,1
183058,0
183059,0
183060,0
183061,0
183062,0
183063,0
183064,4
183065,0
183066,1
183067,0
183068,0
183069,0
183070,0
183071,0
183072,0
183073,0
183074,0
183075,0
183076,0
183077,0
183078,0
183079,0
183080,0
183081,0
183082,0
183083,0
183084,0
183085,0
183086,0
183087,0
183088,0
183089,0
183090,0
183091,0
183092,1
183093,0
183094,1
183095,1
183096,0
183097,0
183098,0
183099,0
183100,0
183101,0
183102,0
183103,0
183104,0
183105,0
183106,0
183107,0
183108,0
183109,0
183110,0
183111,0
183112,0
183113,0
183114,0
183115,2
183116,2
183117,1
183118,1
183119,1
183120,0
183121,0
183122,0
183123,0
183124,1
183125,0
183126,1
183127,0
183128,0
183129,0
183130,1
183131,1
183132,0
183133,0
183134,1
183135,0
183136,0
183137,0
183138,0
183139,0
183140,0
183141,0
183142,0
183143,0
183144,0
183145,0
183146,1
183147,1
183148,1
183149,1
183150,1
183151,1
183152,1
183153,0
183154,0
183155,4
183156,4
183157,0
183158,0
183159,0
183160,0
183161,0
183162,0
183163,0
183164,0
183165,0
183166,0
183167,0
183168,0
183169,0
183170,1
183171,1
183172,1
183173,1
183174,1
183175,0
183176,0
183177,0
183178,0
183179,0
183180,0
183181,0
183182,0
183183,0
183184,0
183185,0
183186,0
183187,0
183188,0
183189,0
183190,0
183191,0
183192,0
183193,0
183194,0
183195,1
183196,1
183197,1
183198,0
183199,1
183200,1
183201,0
183202,0
183203,0
183204,0
183205,0
183206,0
183207,0
183208,0
183209,0
183210,0
183211,0
183212,0
183213,0
183214,0
183215,0
183216,0
183217,0
183218,0
183219,0
183220,0
183221,0
183222,0
183223,0
183224,0
183225,0
183226,0
183227,0
183228,0
183229,0
183230,0
183231,0
183232,0
183233,0
183234,0
183235,0
183236,0
183237,0
183238,0
183239,0
183240,0
183241,0
183242,0
183243,0
183244,0
183245,0
183246,0
183247,0
183248,0
183249,0
183250,0
183251,0
183252,0
183253,0
183254,0
183255,0
183256,0
183257,0
183258,0
183259,1
183260,1
183261,0
183262,0
183263,1
183264,0
183265,0
183266,0
183267,0
183268,0
183269,0
183270,0
183271,0
183272,0
183273,0
183274,0
183275,0
183276,0
183277,0
183278,0
183279,0
183280,0
183281,0
183282,1
183283,1
183284,0
183285,0
183286,0
183287,0
183288,0
183289,0
183290,0
183291,0
183292,0
183293,0
183294,0
183295,0
183296,0
183297,0
183298,0
183299,0
183300,0
183301,0
183302,0
183303,0
183304,0
183305,0
183306,0
183307,0
183308,0
183309,0
183310,0
183311,0
183312,0
183313,0
183314,0
183315,0
183316,0
183317,0
183318,0
183319,0
183320,0
183321,0
183322,0
183323,0
183324,0
183325,0
183326,0
183327,0
183328,0
183329,0
183330,2
183331,0
183332,0
183333,0
183334,2
183335,2
183336,2
183337,0
183338,0
183339,0
183340,0
183341,0
183342,0
183343,0
183344,2
183345,2
183346,2
183347,0
183348,0
183349,0
183350,2
183351,2
183352,2
183353,0
183354,2
183355,0
183356,2
183357,2
183358,2
183359,2
183360,2
183361,0
183362,0
183363,0
183364,0
183365,0
183366,0
183367,1
183368,0
183369,0
183370,2
183371,2
183372,0
183373,1
183374,1
183375,1
183376,1
183377,1
183378,0
183379,1
183380,1
183381,0
183382,0
183383,0
183384,0
183385,0
183386,0
183387,0
183388,0
183389,0
183390,0
183391,0
183392,0
183393,0
183394,0
183395,0
183396,0
183397,0
183398,1
183399,0
183400,0
183401,0
183402,0
183403,0
183404,0
183405,1
183406,1
183407,1
183408,1
183409,1
183410,1
183411,0
183412,0
183413,0
183414,0
183415,0
183416,0
183417,1
183418,0
183419,1
183420,0
183421,1
183422,1
183423,1
183424,1
183425,1
183426,0
183427,1
183428,0
183429,1
183430,1
183431,1
183432,1
183433,1
183434,0
183435,0
183436,1
183437,1
183438,0
183439,0
183440,0
183441,0
183442,0
183443,0
183444,0
183445,0
183446,0
183447,0
183448,0
183449,0
183450,0
183451,0
183452,0
183453,0
183454,0
183455,0
183456,0
183457,0
183458,0
183459,0
183460,0
183461,0
183462,0
183463,0
183464,0
183465,0
183466,0
183467,0
183468,1
183469,1
183470,0
183471,1
183472,0
183473,0
183474,0
183475,0
183476,0
183477,0
183478,0
183479,0
183480,0
183481,0
183482,0
183483,0
183484,0
183485,0
183486,0
183487,0
183488,0
183489,0
183490,0
183491,0
183492,0
183493,0
183494,0
183495,0
183496,0
183497,0
183498,0
183499,0
183500,0
183501,0
183502,0
183503,2
183504,2
183505,2
183506,2
183507,2
183508,0
183509,0
183510,0
183511,0
183512,0
183513,0
183514,0
183515,0
183516,0
183517,0
183518,0
183519,0
183520,0
183521,0
183522,0
183523,0
183524,2
183525,2
183526,2
183527,0
183528,0
183529,2
183530,2
183531,2
183532,0
183533,0
183534,0
183535,0
183536,0
183537,0
183538,2
183539,2
183540,1
183541,0
183542,0
183543,1
183544,2
183545,2
183546,2
183547,2
183548,0
183549,0
183550,0
183551,0
183552,0
183553,0
183554,0
183555,0
183556,0
183557,0
183558,0
183559,0
183560,0
183561,2
183562,2
183563,2
183564,2
183565,0
183566,2
183567,2
183568,2
183569,0
183570,0
183571,0
183572,0
183573,0
183574,0
183575,0
183576,0
183577,0
183578,0
183579,0
183580,2
183581,0
183582,0
183583,1
183584,1
183585,1
183586,0
183587,0
183588,1
183589,1
183590,1
183591,0
183592,0
183593,0
183594,0
183595,0
183596,0
183597,0
183598,0
183599,0
183600,0
183601,0
183602,0
183603,0
183604,0
183605,0
183606,2
183607,1
183608,0
183609,0
183610,0
183611,0
183612,0
183613,0
183614,0
183615,0
183616,0
183617,3
183618,3
183619,3
183620,1
183621,0
183622,0
183623,0
183624,0
183625,0
183626,0
183627,0
183628,3
183629,3
183630,0
183631,0
183632,0
183633,0
183634,1
183635,1
183636,0
183637,1
183638,1
183639,0
183640,1
183641,1
183642,0
183643,0
183644,1
183645,1
183646,1
183647,1
183648,1
183649,1
183650,1
183651,1
183652,0
183653,0
183654,1
183655,0
183656,0
183657,0
183658,0
183659,0
183660,0
183661,1
183662,1
183663,2
183664,0
183665,0
183666,0
183667,0
183668,0
183669,1
183670,1
183671,1
183672,1
183673,1
183674,0
183675,1
183676,0
183677,2
183678,0
183679,0
183680,0
183681,1
183682,1
183683,2
183684,2
183685,0
183686,0
183687,0
183688,0
183689,0
183690,0
183691,0
183692,0
183693,0
183694,0
183695,0
183696,0
183697,0
183698,0
183699,0
183700,0
183701,0
183702,0
183703,0
183704,2
183705,0
183706,0
183707,0
183708,0
183709,0
183710,0
183711,0
183712,0
183713,0
183714,0
183715,0
183716,0
183717,0
183718,0
183719,0
183720,0
183721,0
183722,0
183723,0
183724,0
183725,0
183726,4
183727,4
183728,2
183729,0
183730,0
183731,0
183732,0
183733,0
183734,0
183735,0
183736,2
183737,2
183738,0
183739,0
183740,0
183741,0
183742,0
183743,0
183744,0
183745,0
183746,0
183747,0
183748,0
183749,0
183750,0
183751,0
183752,0
183753,0
183754,0
183755,0
183756,0
183757,0
183758,0
183759,0
183760,2
183761,0
183762,0
183763,0
183764,0
183765,0
183766,0
183767,0
183768,0
183769,1
183770,0
183771,1
183772,1
183773,0
183774,0
183775,0
183776,1
183777,1
183778,1
183779,1
183780,1
183781,1
183782,1
183783,1
183784,1
183785,1
183786,0
183787,0
183788,0
183789,0
183790,0
183791,0
183792,0
183793,0
183794,0
183795,1
183796,1
183797,1
183798,1
183799,1
183800,1
183801,0
183802,0
183803,0
183804,1
183805,2
183806,0
183807,0
183808,0
183809,0
183810,0
183811,0
183812,0
183813,0
183814,0
183815,1
183816,0
183817,0
183818,0
183819,0
183820,0
183821,0
183822,0
183823,1
183824,1
183825,1
183826,0
183827,0
183828,0
183829,0
183830,0
183831,0
183832,0
183833,0
183834,0
183835,0
183836,1
183837,1
183838,1
183839,0
183840,0
183841,0
183842,0
183843,0
183844,0
183845,0
183846,0
183847,3
183848,3
183849,3
183850,3
183851,3
183852,0
183853,0
183854,0
183855,0
183856,0
183857,0
183858,0
183859,3
183860,3
183861,1
183862,1
183863,1
183864,1
183865,1
183866,1
183867,1
183868,1
183869,0
183870,1
183871,1
183872,0
183873,0
183874,0
183875,1
183876,0
183877,0
183878,0
183879,0
183880,0
183881,0
183882,0
183883,0
183884,0
183885,0
183886,0
183887,0
183888,0
183889,0
183890,0
183891,0
183892,0
183893,0
183894,0
183895,0
183896,0
183897,0
183898,0
183899,0
183900,0
183901,0
183902,0
183903,0
183904,0
183905,0
183906,0
183907,0
183908,0
183909,0
183910,0
183911,0
183912,0
183913,0
183914,0
183915,0
183916,0
183917,0
183918,0
183919,0
183920,0
183921,0
183922,0
183923,0
183924,0
183925,0
183926,0
183927,0
183928,0
183929,0
183930,0
183931,0
183932,0
183933,0
183934,0
183935,0
183936,0
183937,0
183938,0
183939,1
183940,0
183941,0
183942,0
183943,0
183944,0
183945,1
183946,1
183947,1
183948,0
183949,0
183950,0
183951,0
183952,0
183953,0
183954,0
183955,0
183956,0
183957,0
183958,0
183959,0
183960,0
183961,0
183962,0
183963,0
183964,0
183965,0
183966,0
183967,0
183968,0
183969,0
183970,0
183971,0
183972,0
183973,0
183974,0
183975,0
183976,0
183977,0
183978,1
183979,1
183980,0
183981,0
183982,0
183983,0
183984,0
183985,1
183986,0
183987,0
183988,0
183989,0
183990,0
183991,0
183992,0
183993,0
183994,1
183995,1
183996,0
183997,0
183998,0
183999,0
184000,0
184001,0
184002,0
184003,0
184004,0
184005,0
184006,0
184007,0
184008,0
184009,0
184010,0
184011,0
184012,0
184013,0
184014,0
184015,0
184016,0
184017,2
184018,2
184019,0
184020,0
184021,0
184022,0
184023,0
184024,0
184025,0
184026,0
184027,0
184028,0
184029,0
184030,1
184031,0
184032,0
184033,0
184034,0
184035,0
184036,0
184037,0
184038,0
184039,0
184040,0
184041,0
184042,0
184043,0
184044,0
184045,0
184046,0
184047,0
184048,0
184049,0
184050,0
184051,0
184052,0
184053,0
184054,0
184055,0
184056,0
184057,0
184058,0
184059,0
184060,0
184061,0
184062,0
184063,0
184064,0
184065,0
184066,0
184067,0
184068,0
184069,0
184070,0
184071,0
184072,0
184073,0
184074,0
184075,0
184076,0
184077,0
184078,0
184079,0
184080,0
184081,0
184082,0
184083,0
184084,4
184085,2
184086,2
184087,0
184088,0
184089,0
184090,0
184091,0
184092,0
184093,0
184094,0
184095,3
184096,3
184097,0
184098,0
184099,0
184100,0
184101,4
184102,4
184103,4
184104,0
184105,2
184106,2
184107,0
184108,0
184109,0
184110,2
184111,0
184112,0
184113,1
184114,1
184115,3
184116,3
184117,3
184118,1
184119,1
184120,0
184121,0
184122,0
184123,0
184124,0
184125,2
184126,0
184127,2
184128,0
184129,1
184130,1
184131,0
184132,0
184133,0
184134,0
184135,0
184136,0
184137,0
184138,1
184139,1
184140,1
184141,1
184142,1
184143,0
184144,1
184145,1
184146,1
184147,1
184148,1
184149,0
184150,0
184151,1
184152,1
184153,1
184154,0
184155,1
184156,1
184157,1
184158,0
184159,0
184160,0
184161,0
184162,0
184163,1
184164,1
184165,1
184166,1
184167,1
184168,1
184169,0
184170,0
184171,0
184172,0
184173,0
184174,0
184175,0
184176,0
184177,0
184178,0
184179,0
184180,0
184181,0
184182,0
184183,0
184184,0
184185,0
184186,0
184187,0
184188,0
184189,0
184190,0
184191,0
184192,0
184193,0
184194,0
184195,0
184196,0
184197,0
184198,1
184199,0
184200,1
184201,1
184202,1
184203,0
184204,2
184205,0
184206,0
184207,0
184208,0
184209,0
184210,0
184211,0
184212,0
184213,0
184214,0
184215,1
184216,0
184217,0
184218,0
184219,0
184220,0
184221,0
184222,0
184223,0
184224,0
184225,0
184226,0
184227,0
184228,0
184229,0
184230,0
184231,0
184232,0
184233,0
184234,0
184235,0
184236,0
184237,0
184238,0
184239,0
184240,0
184241,0
184242,0
184243,0
184244,0
184245,0
184246,0
184247,0
184248,0
184249,0
184250,2
184251,0
184252,0
184253,0
184254,0
184255,0
184256,0
184257,0
184258,0
184259,0
184260,0
184261,0
184262,0
184263,0
184264,0
184265,0
184266,0
184267,0
184268,0
184269,0
184270,1
184271,0
184272,1
184273,1
184274,0
184275,0
184276,0
184277,0
184278,0
184279,0
184280,0
184281,0
184282,0
184283,0
184284,0
184285,0
184286,0
184287,0
184288,0
184289,1
184290,1
184291,1
184292,1
184293,3
184294,0
184295,0
184296,0
184297,0
184298,0
184299,0
184300,1
184301,0
184302,0
184303,0
184304,0
184305,2
184306,0
184307,2
184308,2
184309,2
184310,2
184311,2
184312,0
184313,0
184314,0
184315,0
184316,0
184317,0
184318,0
184319,0
184320,1
184321,1
184322,1
184323,1
184324,1
184325,0
184326,1
184327,1
184328,1
184329,0
184330,0
184331,0
184332,2
184333,2
184334,1
184335,1
184336,0
184337,1
184338,1
184339,0
184340,1
184341,2
184342,2
184343,1
184344,3
184345,3
184346,0
184347,1
184348,1
184349,1
184350,0
184351,2
184352,1
184353,1
184354,1
184355,1
184356,1
184357,1
184358,0
184359,0
184360,1
184361,1
184362,1
184363,0
184364,0
184365,0
184366,0
184367,0
184368,0
184369,0
184370,0
184371,0
184372,0
184373,0
184374,0
184375,0
184376,0
184377,0
184378,0
184379,0
184380,0
184381,0
184382,0
184383,0
184384,0
184385,2
184386,0
184387,0
184388,0
184389,2
184390,2
184391,2
184392,2
184393,0
184394,0
184395,1
184396,0
184397,1
184398,0
184399,0
184400,0
184401,0
184402,0
184403,0
184404,0
184405,0
184406,1
184407,0
184408,0
184409,0
184410,0
184411,0
184412,0
184413,0
184414,0
184415,0
184416,0
184417,0
184418,3
184419,1
184420,1
184421,0
184422,1
184423,0
184424,0
184425,0
184426,0
184427,1
184428,1
184429,1
184430,0
184431,0
184432,0
184433,1
184434,1
184435,1
184436,0
184437,1
184438,1
184439,1
184440,1
184441,0
184442,0
184443,0
184444,0
184445,0
184446,0
184447,0
184448,0
184449,0
184450,0
184451,0
184452,0
184453,0
184454,0
184455,0
184456,2
184457,1
184458,1
184459,0
184460,2
184461,2
184462,2
184463,0
184464,0
184465,0
184466,0
184467,0
184468,0
184469,0
184470,0
184471,0
184472,0
184473,0
184474,0
184475,0
184476,0
184477,1
184478,0
184479,1
184480,1
184481,1
184482,2
184483,2
184484,0
184485,0
184486,0
184487,0
184488,0
184489,0
184490,0
184491,0
184492,0
184493,0
184494,0
184495,0
184496,0
184497,0
184498,0
184499,0
184500,0
184501,2
184502,2
184503,0
184504,0
184505,0
184506,0
184507,0
184508,2
184509,0
184510,0
184511,0
184512,1
184513,0
184514,0
184515,0
184516,0
184517,0
184518,0
184519,0
184520,0
184521,0
184522,0
184523,0
184524,0
184525,0
184526,0
184527,0
184528,0
184529,0
184530,0
184531,0
184532,0
184533,0
184534,2
184535,2
184536,1
184537,1
184538,1
184539,1
184540,1
184541,0
184542,0
184543,0
184544,0
184545,0
184546,0
184547,0
184548,0
184549,2
184550,0
184551,0
184552,0
184553,2
184554,0
184555,0
184556,0
184557,0
184558,0
184559,0
184560,2
184561,2
184562,2
184563,2
184564,0
184565,0
184566,1
184567,2
184568,1
184569,1
184570,0
184571,3
184572,3
184573,3
184574,3
184575,3
184576,1
184577,1
184578,1
184579,1
184580,1
184581,0
184582,0
184583,1
184584,0
184585,1
184586,1
184587,0
184588,0
184589,0
184590,0
184591,0
184592,0
184593,0
184594,0
184595,1
184596,0
184597,1
184598,1
184599,1
184600,1
184601,0
184602,0
184603,1
184604,0
184605,0
184606,2
184607,0
184608,1
184609,1
184610,0
184611,1
184612,1
184613,1
184614,1
184615,1
184616,1
184617,1
184618,1
184619,1
184620,1
184621,3
184622,1
184623,3
184624,3
184625,3
184626,3
184627,3
184628,0
184629,0
184630,0
184631,3
184632,3
184633,3
184634,1
184635,1
184636,0
184637,1
184638,1
184639,1
184640,1
184641,1
184642,1
184643,1
184644,1
184645,0
184646,0
184647,0
184648,0
184649,1
184650,1
184651,1
184652,1
184653,1
184654,1
184655,1
184656,1
184657,1
184658,1
184659,1
184660,1
184661,1
184662,1
184663,2
184664,0
184665,0
184666,0
184667,0
184668,0
184669,1
184670,0
184671,0
184672,0
184673,0
184674,0
184675,1
184676,0
184677,0
184678,0
184679,0
184680,0
184681,3
184682,0
184683,0
184684,1
184685,3
184686,3
184687,1
184688,1
184689,1
184690,0
184691,0
184692,0
184693,1
184694,1
184695,0
184696,0
184697,1
184698,1
184699,1
184700,2
184701,2
184702,2
184703,2
184704,0
184705,0
184706,1
184707,1
184708,0
184709,0
184710,0
184711,0
184712,0
184713,1
184714,1
184715,1
184716,0
184717,1
184718,0
184719,0
184720,0
184721,0
184722,0
184723,0
184724,0
184725,2
184726,2
184727,0
184728,0
184729,4
184730,4
184731,1
184732,2
184733,0
184734,1
184735,0
184736,0
184737,0
184738,0
184739,0
184740,2
184741,2
184742,2
184743,0
184744,0
184745,0
184746,0
184747,0
184748,0
184749,0
184750,0
184751,0
184752,0
184753,0
184754,0
184755,0
184756,0
184757,0
184758,0
184759,0
184760,0
184761,0
184762,0
184763,2
184764,2
184765,2
184766,2
184767,0
184768,0
184769,0
184770,0
184771,0
184772,0
184773,0
184774,0
184775,0
184776,0
184777,0
184778,0
184779,0
184780,0
184781,0
184782,0
184783,2
184784,2
184785,2
184786,2
184787,2
184788,2
184789,2
184790,0
184791,0
184792,1
184793,1
184794,1
184795,0
184796,0
184797,2
184798,0
184799,0
184800,0
184801,0
184802,0
184803,0
184804,0
184805,0
184806,0
184807,1
184808,0
184809,0
184810,0
184811,0
184812,0
184813,0
184814,0
184815,0
184816,0
184817,0
184818,0
184819,0
184820,0
184821,0
184822,0
184823,0
184824,0
184825,0
184826,0
184827,0
184828,0
184829,0
184830,0
184831,0
184832,0
184833,0
184834,0
184835,2
184836,0
184837,0
184838,0
184839,0
184840,0
184841,0
184842,0
184843,0
184844,0
184845,0
184846,0
184847,0
184848,0
184849,0
184850,0
184851,0
184852,0
184853,0
184854,0
184855,0
184856,0
184857,0
184858,0
184859,0
184860,1
184861,1
184862,1
184863,0
184864,0
184865,0
184866,0
184867,1
184868,0
184869,0
184870,1
184871,0
184872,1
184873,0
184874,0
184875,1
184876,1
184877,1
184878,1
184879,1
184880,0
184881,1
184882,0
184883,1
184884,1
184885,1
184886,1
184887,1
184888,0
184889,0
184890,1
184891,1
184892,0
184893,1
184894,1
184895,1
184896,1
184897,0
184898,0
184899,0
184900,0
184901,0
184902,0
184903,0
184904,0
184905,0
184906,0
184907,1
184908,1
184909,1
184910,1
184911,1
184912,0
184913,0
184914,0
184915,2
184916,2
184917,1
184918,0
184919,1
184920,1
184921,3
184922,3
184923,3
184924,3
184925,3
184926,0
184927,0
184928,0
184929,0
184930,0
184931,2
184932,0
184933,0
184934,0
184935,0
184936,0
184937,0
184938,0
184939,0
184940,0
184941,0
184942,0
184943,0
184944,0
184945,0
184946,0
184947,0
184948,0
184949,0
184950,0
184951,0
184952,0
184953,0
184954,0
184955,0
184956,0
184957,0
184958,0
184959,0
184960,0
184961,0
184962,1
184963,1
184964,1
184965,1
184966,0
184967,1
184968,0
184969,1
184970,1
184971,1
184972,0
184973,0
184974,0
184975,0
184976,0
184977,0
184978,0
184979,0
184980,0
184981,0
184982,0
184983,0
184984,0
184985,0
184986,0
184987,0
184988,0
184989,0
184990,0
184991,0
184992,0
184993,0
184994,0
184995,0
184996,0
184997,3
184998,1
184999,1
185000,1
185001,1
185002,1
185003,1
185004,1
185005,0
185006,0
185007,0
185008,1
185009,0
185010,1
185011,1
185012,0
185013,0
185014,1
185015,1
185016,1
185017,1
185018,0
185019,0
185020,0
185021,0
185022,0
185023,1
185024,0
185025,1
185026,1
185027,0
185028,0
185029,0
185030,1
185031,0
185032,1
185033,1
185034,0
185035,0
185036,2
185037,0
185038,0
185039,0
185040,0
185041,0
185042,0
185043,0
185044,0
185045,0
185046,0
185047,0
185048,0
185049,0
185050,0
185051,0
185052,0
185053,0
185054,0
185055,0
185056,0
185057,0
185058,0
185059,0
185060,0
185061,0
185062,0
185063,0
185064,0
185065,0
185066,0
185067,0
185068,0
185069,0
185070,0
185071,0
185072,0
185073,0
185074,0
185075,0
185076,2
185077,2
185078,0
185079,2
185080,0
185081,1
185082,0
185083,0
185084,0
185085,0
185086,0
185087,0
185088,0
185089,0
185090,0
185091,0
185092,0
185093,0
185094,0
185095,0
185096,0
185097,0
185098,0
185099,0
185100,0
185101,0
185102,0
185103,0
185104,0
185105,0
185106,0
185107,0
185108,0
185109,0
185110,0
185111,0
185112,1
185113,0
185114,0
185115,0
185116,0
185117,0
185118,0
185119,0
185120,0
185121,0
185122,0
185123,0
185124,0
185125,0
185126,0
185127,2
185128,0
185129,0
185130,0
185131,0
185132,0
185133,0
185134,0
185135,0
185136,2
185137,0
185138,0
185139,0
185140,0
185141,0
185142,0
185143,0
185144,0
185145,0
185146,0
185147,0
185148,0
185149,0
185150,0
185151,0
185152,0
185153,0
185154,0
185155,0
185156,0
185157,0
185158,0
185159,0
185160,0
185161,0
185162,0
185163,0
185164,0
185165,2
185166,0
185167,2
185168,0
185169,0
185170,0
185171,0
185172,0
185173,0
185174,2
185175,2
185176,0
185177,2
185178,2
185179,0
185180,0
185181,0
185182,0
185183,0
185184,0
185185,0
185186,0
185187,0
185188,0
185189,0
185190,1
185191,0
185192,0
185193,0
185194,0
185195,0
185196,1
185197,0
185198,0
185199,0
185200,0
185201,0
185202,0
185203,1
185204,1
185205,3
185206,0
185207,1
185208,3
185209,0
185210,0
185211,0
185212,4
185213,4
185214,1
185215,4
185216,2
185217,2
185218,0
185219,0
185220,0
185221,1
185222,0
185223,0
185224,0
185225,0
185226,0
185227,0
185228,0
185229,0
185230,0
185231,0
185232,0
185233,0
185234,0
185235,0
185236,0
185237,0
185238,0
185239,0
185240,0
185241,0
185242,0
185243,0
185244,0
185245,0
185246,0
185247,0
185248,0
185249,2
185250,2
185251,0
185252,2
185253,0
185254,0
185255,0
185256,0
185257,0
185258,0
185259,0
185260,0
185261,0
185262,0
185263,0
185264,0
185265,0
185266,0
185267,0
185268,1
185269,0
185270,0
185271,0
185272,0
185273,0
185274,1
185275,1
185276,0
185277,0
185278,0
185279,0
185280,1
185281,1
185282,0
185283,0
185284,1
185285,1
185286,1
185287,0
185288,1
185289,1
185290,0
185291,0
185292,2
185293,2
185294,0
185295,0
185296,0
185297,0
185298,0
185299,1
185300,0
185301,1
185302,1
185303,1
185304,0
185305,0
185306,0
185307,0
185308,0
185309,0
185310,0
185311,1
185312,0
185313,0
185314,2
185315,1
185316,1
185317,1
185318,0
185319,1
185320,1
185321,0
185322,0
185323,1
185324,1
185325,1
185326,1
185327,0
185328,0
185329,0
185330,0
185331,0
185332,0
185333,0
185334,0
185335,0
185336,2
185337,2
185338,2
185339,2
185340,2
185341,2
185342,0
185343,0
185344,0
185345,0
185346,2
185347,2
185348,0
185349,0
185350,2
185351,0
185352,0
185353,0
185354,0
185355,0
185356,0
185357,0
185358,0
185359,0
185360,0
185361,0
185362,0
185363,0
185364,0
185365,0
185366,0
185367,0
185368,0
185369,0
185370,1
185371,1
185372,0
185373,0
185374,1
185375,1
185376,1
185377,0
185378,0
185379,1
185380,1
185381,1
185382,0
185383,0
185384,0
185385,0
185386,1
185387,1
185388,0
185389,0
185390,0
185391,0
185392,1
185393,0
185394,0
185395,0
185396,0
185397,0
185398,0
185399,0
185400,0
185401,0
185402,0
185403,0
185404,0
185405,0
185406,0
185407,0
185408,0
185409,1
185410,1
185411,0
185412,0
185413,1
185414,0
185415,0
185416,1
185417,1
185418,0
185419,1
185420,0
185421,0
185422,0
185423,0
185424,0
185425,0
185426,0
185427,0
185428,0
185429,0
185430,0
185431,0
185432,0
185433,0
185434,2
185435,0
185436,0
185437,0
185438,0
185439,0
185440,0
185441,0
185442,0
185443,0
185444,1
185445,0
185446,0
185447,3
185448,3
185449,1
185450,0
185451,0
185452,0
185453,0
185454,2
185455,2
185456,0
185457,0
185458,0
185459,0
185460,0
185461,0
185462,0
185463,0
185464,0
185465,0
185466,1
185467,0
185468,0
185469,0
185470,0
185471,1
185472,0
185473,1
185474,1
185475,0
185476,0
185477,0
185478,0
185479,0
185480,0
185481,2
185482,0
185483,0
185484,0
185485,0
185486,0
185487,0
185488,0
185489,0
185490,0
185491,1
185492,1
185493,0
185494,0
185495,0
185496,0
185497,0
185498,0
185499,2
185500,0
185501,0
185502,0
185503,0
185504,0
185505,0
185506,0
185507,0
185508,0
185509,0
185510,0
185511,0
185512,0
185513,0
185514,0
185515,0
185516,0
185517,1
185518,0
185519,0
185520,0
185521,0
185522,1
185523,1
185524,1
185525,0
185526,1
185527,1
185528,1
185529,1
185530,1
185531,1
185532,0
185533,0
185534,0
185535,0
185536,1
185537,0
185538,0
185539,1
185540,3
185541,1
185542,1
185543,1
185544,1
185545,1
185546,0
185547,0
185548,1
185549,1
185550,1
185551,0
185552,0
185553,0
185554,0
185555,0
185556,0
185557,0
185558,0
185559,0
185560,0
185561,1
185562,1
185563,0
185564,0
185565,0
185566,0
185567,0
185568,0
185569,0
185570,0
185571,0
185572,0
185573,0
185574,1
185575,0
185576,0
185577,0
185578,0
185579,0
185580,0
185581,1
185582,1
185583,1
185584,1
185585,1
185586,0
185587,0
185588,0
185589,0
185590,0
185591,1
185592,1
185593,0
185594,0
185595,0
185596,2
185597,0
185598,0
185599,0
185600,0
185601,0
185602,0
185603,0
185604,0
185605,0
185606,2
185607,2
185608,2
185609,0
185610,0
185611,2
185612,2
185613,2
185614,2
185615,0
185616,2
185617,2
185618,0
185619,0
185620,0
185621,0
185622,0
185623,0
185624,0
185625,2
185626,0
185627,0
185628,0
185629,0
185630,0
185631,0
185632,0
185633,0
185634,0
185635,1
185636,1
185637,0
185638,0
185639,0
185640,0
185641,0
185642,0
185643,0
185644,0
185645,0
185646,0
185647,0
185648,0
185649,0
185650,1
185651,1
185652,1
185653,1
185654,1
185655,0
185656,0
185657,0
185658,0
185659,0
185660,1
185661,0
185662,0
185663,0
185664,0
185665,1
185666,1
185667,0
185668,0
185669,0
185670,0
185671,0
185672,0
185673,1
185674,2
185675,2
185676,1
185677,1
185678,2
185679,0
185680,0
185681,0
185682,1
185683,0
185684,3
185685,1
185686,0
185687,0
185688,1
185689,0
185690,0
185691,0
185692,0
185693,0
185694,0
185695,0
185696,0
185697,0
185698,0
185699,0
185700,0
185701,0
185702,0
185703,0
185704,0
185705,0
185706,0
185707,0
185708,0
185709,0
185710,0
185711,0
185712,2
185713,2
185714,0
185715,0
185716,0
185717,0
185718,2
185719,2
185720,2
185721,0
185722,0
185723,2
185724,2
185725,1
185726,0
185727,0
185728,0
185729,0
185730,0
185731,0
185732,0
185733,0
185734,0
185735,2
185736,2
185737,0
185738,0
185739,0
185740,0
185741,0
185742,4
185743,4
185744,4
185745,0
185746,0
185747,0
185748,0
185749,2
185750,2
185751,2
185752,2
185753,2
185754,0
185755,2
185756,0
185757,0
185758,0
185759,0
185760,0
185761,2
185762,0
185763,0
185764,0
185765,0
185766,0
185767,0
185768,0
185769,0
185770,0
185771,0
185772,0
185773,0
185774,0
185775,0
185776,0
185777,0
185778,0
185779,0
185780,0
185781,0
185782,1
185783,0
185784,1
185785,0
185786,0
185787,0
185788,0
185789,0
185790,0
185791,0
185792,0
185793,0
185794,2
185795,0
185796,0
185797,0
185798,0
185799,0
185800,0
185801,0
185802,0
185803,0
185804,0
185805,0
185806,0
185807,0
185808,0
185809,0
185810,0
185811,1
185812,1
185813,1
185814,1
185815,1
185816,1
185817,1
185818,0
185819,0
185820,0
185821,0
185822,0
185823,0
185824,0
185825,0
185826,0
185827,0
185828,0
185829,1
185830,1
185831,1
185832,1
185833,0
185834,0
185835,0
185836,0
185837,0
185838,0
185839,0
185840,0
185841,0
185842,0
185843,0
185844,0
185845,0
185846,0
185847,0
185848,0
185849,0
185850,1
185851,1
185852,1
185853,0
185854,0
185855,1
185856,0
185857,1
185858,0
185859,1
185860,1
185861,0
185862,0
185863,0
185864,0
185865,0
185866,0
185867,0
185868,0
185869,0
185870,1
185871,1
185872,1
185873,0
185874,1
185875,1
185876,1
185877,1
185878,0
185879,0
185880,0
185881,0
185882,1
185883,0
185884,0
185885,0
185886,0
185887,0
185888,0
185889,0
185890,1
185891,2
185892,0
185893,0
185894,0
185895,0
185896,0
185897,0
185898,0
185899,0
185900,0
185901,0
185902,0
185903,0
185904,1
185905,0
185906,0
185907,4
185908,0
185909,1
185910,1
185911,0
185912,0
185913,0
185914,0
185915,2
185916,2
185917,2
185918,2
185919,2
185920,0
185921,0
185922,0
185923,0
185924,0
185925,0
185926,0
185927,2
185928,2
185929,0
185930,2
185931,0
185932,0
185933,0
185934,0
185935,0
185936,1
185937,0
185938,0
185939,0
185940,0
185941,0
185942,0
185943,0
185944,1
185945,0
185946,0
185947,1
185948,1
185949,0
185950,0
185951,0
185952,1
185953,3
185954,1
185955,0
185956,0
185957,0
185958,0
185959,0
185960,1
185961,0
185962,1
185963,0
185964,0
185965,0
185966,0
185967,0
185968,0
185969,0
185970,0
185971,0
185972,1
185973,0
185974,0
185975,0
185976,0
185977,0
185978,0
185979,0
185980,0
185981,0
185982,0
185983,0
185984,0
185985,0
185986,0
185987,0
185988,0
185989,0
185990,0
185991,0
185992,0
185993,0
185994,0
185995,2
185996,2
185997,2
185998,2
185999,0
186000,0
186001,0
186002,0
186003,0
186004,0
186005,0
186006,0
186007,0
186008,0
186009,0
186010,0
186011,0
186012,0
186013,0
186014,0
186015,0
186016,0
186017,0
186018,0
186019,0
186020,0
186021,0
186022,0
186023,0
186024,0
186025,0
186026,0
186027,0
186028,0
186029,1
186030,0
186031,0
186032,1
186033,0
186034,1
186035,1
186036,0
186037,0
186038,0
186039,0
186040,0
186041,0
186042,0
186043,0
186044,0
186045,0
186046,0
186047,0
186048,3
186049,0
186050,0
186051,0
186052,0
186053,3
186054,3
186055,1
186056,0
186057,0
186058,1
186059,1
186060,0
186061,0
186062,0
186063,0
186064,1
186065,1
186066,0
186067,0
186068,0
186069,1
186070,0
186071,0
186072,0
186073,0
186074,0
186075,0
186076,1
186077,1
186078,1
186079,1
186080,1
186081,0
186082,0
186083,0
186084,1
186085,2
186086,2
186087,0
186088,0
186089,1
186090,1
186091,1
186092,1
186093,1
186094,1
186095,0
186096,1
186097,1
186098,0
186099,0
186100,0
186101,0
186102,0
186103,0
186104,1
186105,0
186106,1
186107,1
186108,0
186109,0
186110,0
186111,0
186112,0
186113,0
186114,0
186115,0
186116,0
186117,2
186118,0
186119,2
186120,0
186121,0
186122,0
186123,0
186124,1
186125,2
186126,0
186127,0
186128,0
186129,0
186130,0
186131,0
186132,0
186133,0
186134,0
186135,2
186136,0
186137,2
186138,0
186139,0
186140,0
186141,0
186142,0
186143,0
186144,0
186145,0
186146,0
186147,0
186148,0
186149,0
186150,0
186151,0
186152,0
186153,0
186154,1
186155,0
186156,0
186157,0
186158,0
186159,0
186160,1
186161,0
186162,2
186163,2
186164,0
186165,0
186166,0
186167,0
186168,0
186169,0
186170,0
186171,1
186172,0
186173,0
186174,0
186175,0
186176,0
186177,0
186178,1
186179,0
186180,0
186181,0
186182,0
186183,0
186184,0
186185,0
186186,0
186187,2
186188,2
186189,2
186190,2
186191,2
186192,4
186193,1
186194,1
186195,1
186196,0
186197,0
186198,0
186199,0
186200,0
186201,0
186202,0
186203,0
186204,0
186205,0
186206,0
186207,0
186208,0
186209,0
186210,0
186211,0
186212,0
186213,0
186214,0
186215,0
186216,2
186217,2
186218,0
186219,0
186220,0
186221,0
186222,1
186223,0
186224,2
186225,2
186226,2
186227,1
186228,1
186229,1
186230,1
186231,0
186232,2
186233,2
186234,2
186235,2
186236,0
186237,0
186238,0
186239,0
186240,0
186241,0
186242,2
186243,0
186244,4
186245,4
186246,2
186247,2
186248,2
186249,2
186250,2
186251,2
186252,2
186253,0
186254,0
186255,0
186256,0
186257,0
186258,0
186259,2
186260,0
186261,0
186262,0
186263,1
186264,0
186265,0
186266,0
186267,0
186268,0
186269,1
186270,2
186271,0
186272,2
186273,0
186274,2
186275,0
186276,0
186277,0
186278,0
186279,0
186280,0
186281,0
186282,0
186283,0
186284,0
186285,2
186286,0
186287,0
186288,0
186289,0
186290,1
186291,0
186292,0
186293,0
186294,0
186295,0
186296,0
186297,0
186298,0
186299,0
186300,1
186301,0
186302,0
186303,0
186304,0
186305,0
186306,0
186307,1
186308,1
186309,1
186310,0
186311,0
186312,1
186313,0
186314,0
186315,0
186316,0
186317,0
186318,0
186319,0
186320,0
186321,0
186322,0
186323,0
186324,1
186325,1
186326,0
186327,0
186328,0
186329,1
186330,1
186331,0
186332,0
186333,0
186334,0
186335,0
186336,0
186337,0
186338,0
186339,0
186340,0
186341,0
186342,0
186343,0
186344,0
186345,1
186346,0
186347,0
186348,0
186349,1
186350,1
186351,0
186352,0
186353,0
186354,0
186355,0
186356,0
186357,0
186358,1
186359,0
186360,1
186361,1
186362,1
186363,1
186364,1
186365,0
186366,0
186367,1
186368,0
186369,0
186370,1
186371,1
186372,0
186373,0
186374,0
186375,1
186376,1
186377,1
186378,1
186379,1
186380,1
186381,0
186382,1
186383,1
186384,0
186385,1
186386,1
186387,1
186388,1
186389,1
186390,1
186391,1
186392,1
186393,2
186394,0
186395,0
186396,0
186397,0
186398,2
186399,2
186400,2
186401,2
186402,2
186403,2
186404,2
186405,2
186406,2
186407,0
186408,0
186409,0
186410,0
186411,0
186412,0
186413,0
186414,0
186415,0
186416,0
186417,0
186418,0
186419,0
186420,0
186421,0
186422,0
186423,0
186424,0
186425,0
186426,0
186427,0
186428,0
186429,0
186430,0
186431,1
186432,0
186433,0
186434,1
186435,1
186436,1
186437,1
186438,0
186439,0
186440,0
186441,0
186442,1
186443,0
186444,0
186445,2
186446,2
186447,2
186448,2
186449,2
186450,2
186451,0
186452,0
186453,0
186454,0
186455,0
186456,0
186457,0
186458,0
186459,0
186460,0
186461,4
186462,0
186463,0
186464,0
186465,0
186466,0
186467,0
186468,0
186469,0
186470,0
186471,0
186472,0
186473,0
186474,0
186475,0
186476,2
186477,0
186478,0
186479,2
186480,0
186481,0
186482,0
186483,0
186484,0
186485,0
186486,0
186487,0
186488,0
186489,1
186490,1
186491,1
186492,1
186493,1
186494,1
186495,3
186496,1
186497,0
186498,1
186499,1
186500,0
186501,1
186502,1
186503,0
186504,0
186505,0
186506,1
186507,1
186508,0
186509,1
186510,1
186511,1
186512,1
186513,0
186514,0
186515,0
186516,1
186517,0
186518,1
186519,0
186520,0
186521,1
186522,1
186523,1
186524,3
186525,3
186526,1
186527,0
186528,1
186529,1
186530,1
186531,1
186532,1
186533,1
186534,1
186535,0
186536,0
186537,0
186538,0
186539,0
186540,0
186541,0
186542,0
186543,0
186544,0
186545,0
186546,0
186547,0
186548,0
186549,0
186550,0
186551,0
186552,0
186553,0
186554,0
186555,0
186556,3
186557,1
186558,0
186559,0
186560,0
186561,0
186562,1
186563,3
186564,3
186565,1
186566,1
186567,1
186568,1
186569,0
186570,0
186571,1
186572,1
186573,0
186574,0
186575,0
186576,3
186577,0
186578,0
186579,0
186580,0
186581,1
186582,0
186583,0
186584,0
186585,0
186586,0
186587,0
186588,0
186589,0
186590,0
186591,1
186592,2
186593,1
186594,3
186595,1
186596,2
186597,1
186598,0
186599,1
186600,1
186601,1
186602,2
186603,2
186604,0
186605,0
186606,0
186607,0
186608,0
186609,0
186610,0
186611,0
186612,0
186613,0
186614,0
186615,2
186616,0
186617,0
186618,1
186619,1
186620,1
186621,1
186622,0
186623,0
186624,2
186625,0
186626,0
186627,0
186628,0
186629,0
186630,0
186631,0
186632,0
186633,0
186634,1
186635,1
186636,1
186637,0
186638,0
186639,0
186640,0
186641,0
186642,0
186643,0
186644,0
186645,0
186646,0
186647,0
186648,0
186649,0
186650,0
186651,0
186652,0
186653,0
186654,0
186655,0
186656,0
186657,0
186658,2
186659,2
186660,2
186661,2
186662,0
186663,1
186664,1
186665,1
186666,1
186667,1
186668,1
186669,1
186670,0
186671,0
186672,0
186673,1
186674,1
186675,1
186676,0
186677,0
186678,0
186679,0
186680,0
186681,0
186682,0
186683,0
186684,0
186685,0
186686,0
186687,0
186688,0
186689,0
186690,0
186691,0
186692,0
186693,0
186694,0
186695,0
186696,4
186697,0
186698,4
186699,4
186700,2
186701,4
186702,2
186703,2
186704,4
186705,0
186706,0
186707,0
186708,0
186709,0
186710,0
186711,1
186712,1
186713,1
186714,1
186715,1
186716,1
186717,0
186718,4
186719,4
186720,0
186721,2
186722,2
186723,0
186724,0
186725,0
186726,0
186727,0
186728,0
186729,0
186730,0
186731,0
186732,0
186733,0
186734,0
186735,0
186736,0
186737,0
186738,1
186739,0
186740,1
186741,1
186742,0
186743,0
186744,0
186745,0
186746,0
186747,0
186748,0
186749,0
186750,1
186751,1
186752,1
186753,1
186754,1
186755,1
186756,0
186757,1
186758,1
186759,1
186760,0
186761,0
186762,0
186763,0
186764,0
186765,0
186766,0
186767,1
186768,0
186769,0
186770,0
186771,0
186772,0
186773,0
186774,0
186775,0
186776,0
186777,0
186778,0
186779,0
186780,0
186781,0
186782,0
186783,0
186784,0
186785,0
186786,0
186787,0
186788,0
186789,0
186790,0
186791,0
186792,0
186793,0
186794,1
186795,1
186796,1
186797,1
186798,0
186799,1
186800,1
186801,1
186802,1
186803,2
186804,2
186805,2
186806,0
186807,1
186808,1
186809,1
186810,1
186811,0
186812,0
186813,0
186814,0
186815,0
186816,0
186817,1
186818,0
186819,0
186820,3
186821,3
186822,1
186823,1
186824,1
186825,1
186826,1
186827,1
186828,0
186829,0
186830,1
186831,0
186832,0
186833,0
186834,0
186835,1
186836,1
186837,0
186838,0
186839,2
186840,2
186841,1
186842,0
186843,0
186844,1
186845,0
186846,0
186847,1
186848,1
186849,2
186850,0
186851,0
186852,0
186853,0
186854,2
186855,2
186856,2
186857,0
186858,0
186859,0
186860,0
186861,0
186862,0
186863,0
186864,0
186865,1
186866,1
186867,0
186868,0
186869,0
186870,0
186871,0
186872,0
186873,0
186874,0
186875,1
186876,1
186877,1
186878,1
186879,1
186880,1
186881,1
186882,0
186883,1
186884,1
186885,0
186886,0
186887,0
186888,0
186889,0
186890,0
186891,1
186892,1
186893,0
186894,0
186895,0
186896,0
186897,0
186898,0
186899,0
186900,0
186901,0
186902,0
186903,0
186904,0
186905,0
186906,0
186907,0
186908,0
186909,2
186910,0
186911,0
186912,0
186913,0
186914,0
186915,0
186916,2
186917,0
186918,0
186919,0
186920,1
186921,0
186922,1
186923,1
186924,0
186925,0
186926,0
186927,0
186928,0
186929,0
186930,0
186931,0
186932,0
186933,0
186934,0
186935,0
186936,0
186937,2
186938,2
186939,2
186940,2
186941,0
186942,0
186943,0
186944,0
186945,2
186946,0
186947,0
186948,0
186949,0
186950,0
186951,2
186952,0
186953,0
186954,0
186955,1
186956,1
186957,0
186958,1
186959,0
186960,0
186961,0
186962,0
186963,0
186964,0
186965,0
186966,0
186967,0
186968,0
186969,0
186970,0
186971,0
186972,0
186973,0
186974,0
186975,0
186976,2
186977,0
186978,1
186979,1
186980,1
186981,1
186982,1
186983,1
186984,1
186985,0
186986,0
186987,0
186988,0
186989,0
186990,0
186991,0
186992,0
186993,2
186994,2
186995,0
186996,0
186997,0
186998,0
186999,0
187000,1
187001,1
187002,1
187003,1
187004,1
187005,1
187006,1
187007,0
187008,0
187009,0
187010,0
187011,0
187012,0
187013,0
187014,0
187015,0
187016,0
187017,0
187018,0
187019,0
187020,0
187021,0
187022,0
187023,1
187024,1
187025,0
187026,0
187027,0
187028,0
187029,0
187030,0
187031,0
187032,0
187033,0
187034,0
187035,0
187036,0
187037,0
187038,0
187039,0
187040,0
187041,0
187042,0
187043,0
187044,0
187045,0
187046,0
187047,0
187048,3
187049,0
187050,1
187051,0
187052,0
187053,0
187054,0
187055,1
187056,1
187057,1
187058,1
187059,1
187060,1
187061,0
187062,0
187063,1
187064,1
187065,1
187066,1
187067,0
187068,1
187069,1
187070,0
187071,0
187072,0
187073,0
187074,0
187075,1
187076,1
187077,0
187078,1
187079,0
187080,0
187081,0
187082,0
187083,1
187084,1
187085,0
187086,0
187087,0
187088,0
187089,0
187090,0
187091,0
187092,0
187093,0
187094,0
187095,0
187096,0
187097,0
187098,1
187099,1
187100,1
187101,1
187102,1
187103,0
187104,0
187105,0
187106,0
187107,0
187108,0
187109,0
187110,0
187111,0
187112,0
187113,0
187114,1
187115,1
187116,1
187117,1
187118,1
187119,0
187120,1
187121,1
187122,0
187123,0
187124,0
187125,0
187126,0
187127,0
187128,0
187129,0
187130,0
187131,0
187132,0
187133,1
187134,0
187135,0
187136,0
187137,0
187138,0
187139,0
187140,0
187141,0
187142,0
187143,0
187144,0
187145,0
187146,0
187147,0
187148,1
187149,0
187150,1
187151,1
187152,1
187153,1
187154,0
187155,1
187156,1
187157,0
187158,1
187159,0
187160,0
187161,0
187162,0
187163,0
187164,0
187165,0
187166,0
187167,0
187168,0
187169,0
187170,0
187171,0
187172,0
187173,0
187174,0
187175,0
187176,1
187177,1
187178,1
187179,0
187180,1
187181,1
187182,0
187183,0
187184,0
187185,0
187186,0
187187,0
187188,0
187189,0
187190,0
187191,0
187192,1
187193,1
187194,1
187195,0
187196,0
187197,0
187198,0
187199,0
187200,0
187201,0
187202,0
187203,1
187204,1
187205,1
187206,0
187207,0
187208,0
187209,0
187210,0
187211,0
187212,0
187213,0
187214,0
187215,0
187216,0
187217,0
187218,2
187219,0
187220,0
187221,0
187222,0
187223,0
187224,0
187225,0
187226,0
187227,0
187228,0
187229,2
187230,0
187231,0
187232,0
187233,0
187234,0
187235,0
187236,0
187237,0
187238,0
187239,0
187240,0
187241,0
187242,2
187243,0
187244,0
187245,0
187246,0
187247,0
187248,0
187249,1
187250,1
187251,1
187252,1
187253,1
187254,0
187255,1
187256,0
187257,0
187258,0
187259,0
187260,0
187261,0
187262,0
187263,0
187264,0
187265,0
187266,0
187267,0
187268,0
187269,2
187270,2
187271,0
187272,0
187273,0
187274,0
187275,1
187276,1
187277,3
187278,3
187279,3
187280,1
187281,1
187282,0
187283,1
187284,0
187285,0
187286,0
187287,0
187288,1
187289,1
187290,0
187291,0
187292,0
187293,0
187294,0
187295,0
187296,1
187297,1
187298,1
187299,1
187300,1
187301,0
187302,0
187303,0
187304,0
187305,0
187306,0
187307,0
187308,0
187309,0
187310,2
187311,2
187312,2
187313,2
187314,2
187315,1
187316,1
187317,1
187318,0
187319,0
187320,0
187321,0
187322,0
187323,0
187324,0
187325,0
187326,0
187327,0
187328,0
187329,0
187330,0
187331,0
187332,0
187333,0
187334,1
187335,1
187336,1
187337,1
187338,0
187339,1
187340,0
187341,0
187342,1
187343,1
187344,0
187345,0
187346,0
187347,0
187348,0
187349,0
187350,0
187351,1
187352,0
187353,0
187354,0
187355,0
187356,0
187357,0
187358,0
187359,0
187360,0
187361,0
187362,0
187363,0
187364,0
187365,0
187366,0
187367,0
187368,0
187369,0
187370,0
187371,0
187372,0
187373,0
187374,0
187375,0
187376,1
187377,0
187378,0
187379,0
187380,0
187381,2
187382,0
187383,1
187384,1
187385,1
187386,1
187387,1
187388,0
187389,0
187390,0
187391,0
187392,0
187393,0
187394,0
187395,0
187396,0
187397,0
187398,0
187399,0
187400,0
187401,0
187402,0
187403,0
187404,0
187405,0
187406,0
187407,0
187408,0
187409,0
187410,0
187411,0
187412,0
187413,0
187414,0
187415,0
187416,0
187417,0
187418,0
187419,0
187420,0
187421,0
187422,2
187423,0
187424,2
187425,0
187426,0
187427,1
187428,0
187429,0
187430,0
187431,0
187432,0
187433,1
187434,1
187435,1
187436,1
187437,0
187438,0
187439,2
187440,0
187441,0
187442,0
187443,0
187444,0
187445,0
187446,0
187447,0
187448,0
187449,0
187450,0
187451,0
187452,0
187453,0
187454,0
187455,0
187456,1
187457,0
187458,0
187459,0
187460,0
187461,0
187462,0
187463,0
187464,0
187465,0
187466,0
187467,0
187468,0
187469,0
187470,0
187471,0
187472,0
187473,0
187474,0
187475,0
187476,0
187477,1
187478,1
187479,1
187480,1
187481,1
187482,0
187483,0
187484,1
187485,1
187486,0
187487,1
187488,1
187489,0
187490,0
187491,1
187492,1
187493,1
187494,0
187495,1
187496,1
187497,1
187498,1
187499,1
187500,1
187501,0
187502,1
187503,0
187504,0
187505,1
187506,1
187507,1
187508,0
187509,0
187510,0
187511,0
187512,0
187513,0
187514,0
187515,0
187516,0
187517,0
187518,0
187519,0
187520,0
187521,0
187522,0
187523,0
187524,0
187525,0
187526,0
187527,0
187528,0
187529,1
187530,0
187531,0
187532,0
187533,0
187534,0
187535,0
187536,0
187537,0
187538,0
187539,0
187540,0
187541,0
187542,0
187543,0
187544,0
187545,0
187546,0
187547,0
187548,0
187549,0
187550,0
187551,0
187552,0
187553,0
187554,0
187555,0
187556,0
187557,0
187558,1
187559,1
187560,0
187561,1
187562,0
187563,1
187564,1
187565,0
187566,0
187567,1
187568,1
187569,1
187570,1
187571,0
187572,1
187573,1
187574,0
187575,1
187576,1
187577,1
187578,0
187579,0
187580,0
187581,0
187582,1
187583,1
187584,1
187585,1
187586,1
187587,1
187588,0
187589,0
187590,0
187591,0
187592,0
187593,0
187594,0
187595,0
187596,0
187597,0
187598,0
187599,0
187600,1
187601,1
187602,1
187603,1
187604,1
187605,0
187606,0
187607,0
187608,0
187609,0
187610,0
187611,0
187612,0
187613,0
187614,0
187615,0
187616,0
187617,0
187618,0
187619,0
187620,0
187621,0
187622,0
187623,0
187624,0
187625,0
187626,0
187627,0
187628,0
187629,0
187630,0
187631,0
187632,0
187633,0
187634,0
187635,0
187636,0
187637,0
187638,0
187639,0
187640,0
187641,0
187642,0
187643,0
187644,0
187645,0
187646,0
187647,0
187648,0
187649,1
187650,0
187651,1
187652,1
187653,0
187654,0
187655,0
187656,0
187657,1
187658,1
187659,1
187660,1
187661,1
187662,0
187663,2
187664,2
187665,0
187666,0
187667,0
187668,0
187669,0
187670,2
187671,2
187672,2
187673,2
187674,2
187675,0
187676,0
187677,0
187678,0
187679,0
187680,0
187681,0
187682,1
187683,1
187684,1
187685,1
187686,0
187687,1
187688,1
187689,1
187690,0
187691,1
187692,0
187693,0
187694,0
187695,0
187696,0
187697,1
187698,0
187699,0
187700,1
187701,0
187702,1
187703,1
187704,1
187705,1
187706,1
187707,1
187708,1
187709,1
187710,1
187711,0
187712,0
187713,0
187714,1
187715,1
187716,0
187717,1
187718,0
187719,0
187720,0
187721,0
187722,0
187723,0
187724,0
187725,0
187726,0
187727,0
187728,0
187729,0
187730,0
187731,0
187732,0
187733,1
187734,0
187735,0
187736,0
187737,0
187738,0
187739,0
187740,0
187741,0
187742,0
187743,0
187744,0
187745,0
187746,0
187747,0
187748,0
187749,0
187750,0
187751,0
187752,0
187753,0
187754,2
187755,2
187756,0
187757,0
187758,0
187759,0
187760,0
187761,0
187762,0
187763,0
187764,0
187765,0
187766,0
187767,0
187768,0
187769,0
187770,0
187771,0
187772,0
187773,0
187774,0
187775,0
187776,0
187777,0
187778,0
187779,0
187780,0
187781,0
187782,0
187783,0
187784,0
187785,0
187786,4
187787,4
187788,2
187789,0
187790,4
187791,2
187792,2
187793,0
187794,0
187795,0
187796,0
187797,0
187798,0
187799,0
187800,0
187801,0
187802,0
187803,0
187804,0
187805,0
187806,0
187807,0
187808,0
187809,0
187810,0
187811,0
187812,0
187813,0
187814,0
187815,2
187816,0
187817,0
187818,0
187819,0
187820,0
187821,0
187822,0
187823,0
187824,0
187825,0
187826,0
187827,0
187828,0
187829,0
187830,0
187831,1
187832,0
187833,0
187834,0
187835,0
187836,1
187837,1
187838,0
187839,0
187840,0
187841,0
187842,1
187843,0
187844,0
187845,1
187846,1
187847,0
187848,0
187849,0
187850,0
187851,0
187852,0
187853,0
187854,0
187855,1
187856,1
187857,0
187858,0
187859,0
187860,0
187861,0
187862,0
187863,0
187864,0
187865,0
187866,0
187867,0
187868,0
187869,0
187870,0
187871,0
187872,0
187873,0
187874,0
187875,0
187876,0
187877,0
187878,0
187879,0
187880,0
187881,0
187882,0
187883,0
187884,0
187885,0
187886,0
187887,0
187888,0
187889,0
187890,0
187891,0
187892,0
187893,0
187894,0
187895,0
187896,0
187897,0
187898,0
187899,0
187900,0
187901,0
187902,0
187903,0
187904,0
187905,0
187906,0
187907,0
187908,0
187909,0
187910,0
187911,0
187912,0
187913,2
187914,2
187915,2
187916,2
187917,2
187918,0
187919,0
187920,0
187921,0
187922,0
187923,0
187924,0
187925,0
187926,0
187927,0
187928,1
187929,0
187930,0
187931,0
187932,0
187933,0
187934,2
187935,2
187936,2
187937,0
187938,0
187939,2
187940,2
187941,0
187942,1
187943,1
187944,1
187945,1
187946,0
187947,0
187948,0
187949,0
187950,0
187951,0
187952,0
187953,0
187954,0
187955,0
187956,0
187957,0
187958,0
187959,0
187960,0
187961,4
187962,1
187963,1
187964,1
187965,3
187966,1
187967,1
187968,2
187969,0
187970,0
187971,0
187972,0
187973,0
187974,2
187975,2
187976,0
187977,2
187978,2
187979,0
187980,0
187981,0
187982,0
187983,0
187984,2
187985,0
187986,0
187987,0
187988,1
187989,1
187990,1
187991,1
187992,0
187993,1
187994,0
187995,0
187996,0
187997,0
187998,0
187999,0
188000,0
188001,0
188002,0
188003,0
188004,0
188005,0
188006,0
188007,0
188008,0
188009,0
188010,0
188011,0
188012,0
188013,0
188014,0
188015,0
188016,0
188017,0
188018,0
188019,0
188020,0
188021,0
188022,0
188023,1
188024,1
188025,1
188026,1
188027,1
188028,1
188029,0
188030,0
188031,1
188032,1
188033,1
188034,1
188035,2
188036,0
188037,0
188038,0
188039,0
188040,0
188041,4
188042,1
188043,4
188044,1
188045,1
188046,1
188047,1
188048,2
188049,2
188050,2
188051,2
188052,0
188053,2
188054,1
188055,1
188056,2
188057,0
188058,0
188059,1
188060,1
188061,0
188062,0
188063,0
188064,0
188065,0
188066,0
188067,0
188068,0
188069,0
188070,1
188071,1
188072,0
188073,0
188074,0
188075,0
188076,0
188077,0
188078,0
188079,0
188080,0
188081,0
188082,0
188083,0
188084,0
188085,0
188086,0
188087,0
188088,0
188089,0
188090,1
188091,1
188092,0
188093,0
188094,1
188095,0
188096,1
188097,0
188098,0
188099,0
188100,0
188101,0
188102,0
188103,0
188104,0
188105,0
188106,1
188107,0
188108,0
188109,0
188110,2
188111,0
188112,0
188113,2
188114,2
188115,0
188116,0
188117,2
188118,2
188119,0
188120,0
188121,0
188122,1
188123,0
188124,0
188125,1
188126,1
188127,0
188128,0
188129,0
188130,0
188131,0
188132,0
188133,0
188134,0
188135,0
188136,0
188137,0
188138,0
188139,0
188140,2
188141,2
188142,2
188143,0
188144,0
188145,0
188146,0
188147,1
188148,0
188149,0
188150,1
188151,2
188152,0
188153,0
188154,0
188155,0
188156,0
188157,0
188158,1
188159,0
188160,1
188161,1
188162,0
188163,0
188164,0
188165,0
188166,0
188167,0
188168,0
188169,0
188170,0
188171,0
188172,0
188173,0
188174,0
188175,0
188176,0
188177,0
188178,0
188179,0
188180,0
188181,0
188182,0
188183,0
188184,0
188185,0
188186,0
188187,0
188188,0
188189,0
188190,0
188191,0
188192,0
188193,0
188194,1
188195,1
188196,1
188197,1
188198,0
188199,1
188200,0
188201,0
188202,0
188203,0
188204,0
188205,0
188206,0
188207,0
188208,0
188209,0
188210,0
188211,0
188212,0
188213,0
188214,0
188215,0
188216,0
188217,0
188218,1
188219,0
188220,0
188221,0
188222,0
188223,0
188224,0
188225,0
188226,0
188227,0
188228,0
188229,0
188230,0
188231,0
188232,0
188233,0
188234,0
188235,0
188236,0
188237,0
188238,0
188239,0
188240,0
188241,0
188242,0
188243,0
188244,0
188245,1
188246,1
188247,1
188248,0
188249,2
188250,0
188251,0
188252,0
188253,0
188254,0
188255,0
188256,0
188257,0
188258,0
188259,0
188260,0
188261,0
188262,0
188263,0
188264,0
188265,0
188266,0
188267,0
188268,0
188269,0
188270,0
188271,0
188272,0
188273,0
188274,0
188275,1
188276,1
188277,1
188278,1
188279,2
188280,2
188281,1
188282,2
188283,2
188284,2
188285,2
188286,0
188287,0
188288,0
188289,0
188290,1
188291,0
188292,0
188293,0
188294,1
188295,1
188296,1
188297,1
188298,1
188299,0
188300,0
188301,1
188302,1
188303,1
188304,1
188305,1
188306,0
188307,0
188308,0
188309,0
188310,0
188311,1
188312,0
188313,0
188314,0
188315,0
188316,0
188317,0
188318,0
188319,0
188320,0
188321,0
188322,1
188323,1
188324,0
188325,0
188326,0
188327,0
188328,0
188329,0
188330,0
188331,0
188332,0
188333,0
188334,0
188335,0
188336,0
188337,0
188338,0
188339,0
188340,0
188341,0
188342,0
188343,1
188344,1
188345,0
188346,0
188347,0
188348,0
188349,0
188350,1
188351,1
188352,0
188353,1
188354,1
188355,1
188356,1
188357,1
188358,0
188359,0
188360,1
188361,0
188362,0
188363,1
188364,0
188365,0
188366,0
188367,0
188368,0
188369,0
188370,0
188371,0
188372,0
188373,0
188374,0
188375,0
188376,0
188377,0
188378,2
188379,2
188380,0
188381,2
188382,2
188383,2
188384,0
188385,0
188386,0
188387,0
188388,0
188389,0
188390,0
188391,0
188392,0
188393,0
188394,2
188395,2
188396,2
188397,0
188398,0
188399,0
188400,0
188401,2
188402,1
188403,0
188404,1
188405,0
188406,0
188407,0
188408,0
188409,0
188410,0
188411,0
188412,0
188413,0
188414,0
188415,0
188416,0
188417,0
188418,0
188419,0
188420,0
188421,0
188422,0
188423,0
188424,0
188425,0
188426,1
188427,1
188428,1
188429,0
188430,0
188431,1
188432,1
188433,0
188434,0
188435,0
188436,0
188437,0
188438,0
188439,0
188440,0
188441,0
188442,0
188443,0
188444,0
188445,0
188446,0
188447,0
188448,0
188449,0
188450,0
188451,0
188452,0
188453,0
188454,0
188455,0
188456,0
188457,0
188458,0
188459,0
188460,0
188461,0
188462,4
188463,0
188464,0
188465,0
188466,0
188467,0
188468,0
188469,0
188470,1
188471,1
188472,1
188473,1
188474,1
188475,0
188476,0
188477,0
188478,0
188479,2
188480,2
188481,0
188482,0
188483,0
188484,0
188485,0
188486,0
188487,0
188488,0
188489,0
188490,0
188491,0
188492,0
188493,0
188494,0
188495,0
188496,2
188497,2
188498,2
188499,2
188500,2
188501,1
188502,1
188503,1
188504,1
188505,0
188506,1
188507,1
188508,0
188509,0
188510,0
188511,0
188512,0
188513,0
188514,0
188515,4
188516,2
188517,2
188518,2
188519,2
188520,0
188521,0
188522,0
188523,0
188524,0
188525,0
188526,0
188527,0
188528,0
188529,0
188530,0
188531,0
188532,0
188533,0
188534,0
188535,0
188536,1
188537,0
188538,0
188539,0
188540,0
188541,0
188542,0
188543,1
188544,1
188545,1
188546,2
188547,2
188548,0
188549,0
188550,0
188551,0
188552,0
188553,0
188554,0
188555,0
188556,0
188557,0
188558,0
188559,0
188560,0
188561,0
188562,0
188563,0
188564,0
188565,0
188566,0
188567,0
188568,0
188569,0
188570,0
188571,0
188572,0
188573,0
188574,0
188575,0
188576,0
188577,0
188578,0
188579,0
188580,0
188581,0
188582,0
188583,0
188584,0
188585,0
188586,0
188587,0
188588,0
188589,0
188590,0
188591,0
188592,0
188593,0
188594,0
188595,0
188596,0
188597,0
188598,0
188599,0
188600,0
188601,0
188602,0
188603,0
188604,0
188605,0
188606,0
188607,0
188608,1
188609,0
188610,1
188611,0
188612,0
188613,0
188614,0
188615,1
188616,1
188617,1
188618,1
188619,0
188620,0
188621,0
188622,0
188623,0
188624,0
188625,0
188626,0
188627,0
188628,0
188629,0
188630,0
188631,0
188632,0
188633,1
188634,2
188635,1
188636,0
188637,0
188638,0
188639,0
188640,0
188641,0
188642,0
188643,0
188644,0
188645,1
188646,2
188647,1
188648,0
188649,0
188650,0
188651,0
188652,0
188653,0
188654,0
188655,0
188656,0
188657,0
188658,0
188659,0
188660,0
188661,0
188662,0
188663,0
188664,0
188665,0
188666,0
188667,0
188668,0
188669,0
188670,0
188671,0
188672,1
188673,1
188674,1
188675,0
188676,1
188677,0
188678,0
188679,2
188680,0
188681,0
188682,0
188683,0
188684,0
188685,0
188686,0
188687,0
188688,1
188689,0
188690,0
188691,0
188692,0
188693,0
188694,0
188695,0
188696,0
188697,1
188698,1
188699,3
188700,1
188701,1
188702,1
188703,1
188704,1
188705,0
188706,0
188707,0
188708,0
188709,2
188710,0
188711,0
188712,0
188713,0
188714,0
188715,0
188716,0
188717,0
188718,0
188719,0
188720,2
188721,0
188722,0
188723,0
188724,0
188725,0
188726,0
188727,0
188728,0
188729,0
188730,0
188731,0
188732,0
188733,0
188734,1
188735,0
188736,0
188737,0
188738,0
188739,0
188740,0
188741,0
188742,0
188743,0
188744,0
188745,0
188746,0
188747,0
188748,2
188749,3
188750,1
188751,1
188752,1
188753,1
188754,1
188755,0
188756,0
188757,1
188758,1
188759,0
188760,1
188761,1
188762,1
188763,1
188764,1
188765,1
188766,1
188767,0
188768,0
188769,0
188770,2
188771,2
188772,2
188773,2
188774,2
188775,0
188776,0
188777,1
188778,1
188779,0
188780,2
188781,0
188782,0
188783,0
188784,0
188785,0
188786,0
188787,0
188788,0
188789,0
188790,0
188791,0
188792,0
188793,0
188794,0
188795,2
188796,2
188797,0
188798,0
188799,0
188800,0
188801,0
188802,0
188803,0
188804,0
188805,0
188806,2
188807,2
188808,2
188809,0
188810,0
188811,0
188812,0
188813,0
188814,0
188815,0
188816,0
188817,0
188818,0
188819,0
188820,0
188821,2
188822,2
188823,0
188824,0
188825,0
188826,0
188827,0
188828,0
188829,0
188830,0
188831,0
188832,0
188833,2
188834,0
188835,0
188836,0
188837,0
188838,0
188839,0
188840,0
188841,0
188842,0
188843,0
188844,0
188845,0
188846,0
188847,0
188848,0
188849,0
188850,0
188851,0
188852,1
188853,1
188854,1
188855,1
188856,1
188857,0
188858,0
188859,1
188860,0
188861,0
188862,0
188863,0
188864,0
188865,0
188866,0
188867,0
188868,0
188869,0
188870,0
188871,0
188872,4
188873,0
188874,0
188875,0
188876,0
188877,0
188878,0
188879,0
188880,0
188881,0
188882,0
188883,0
188884,0
188885,0
188886,0
188887,0
188888,0
188889,4
188890,2
188891,2
188892,2
188893,2
188894,0
188895,2
188896,2
188897,2
188898,2
188899,4
188900,2
188901,2
188902,2
188903,2
188904,2
188905,2
188906,2
188907,0
188908,0
188909,2
188910,2
188911,0
188912,0
188913,0
188914,0
188915,0
188916,0
188917,2
188918,0
188919,0
188920,0
188921,0
188922,0
188923,0
188924,0
188925,0
188926,0
188927,1
188928,1
188929,1
188930,0
188931,0
188932,0
188933,0
188934,0
188935,0
188936,0
188937,0
188938,0
188939,0
188940,0
188941,0
188942,0
188943,0
188944,0
188945,0
188946,0
188947,0
188948,0
188949,0
188950,0
188951,0
188952,0
188953,0
188954,0
188955,0
188956,1
188957,0
188958,0
188959,1
188960,1
188961,1
188962,1
188963,1
188964,0
188965,1
188966,1
188967,1
188968,1
188969,1
188970,1
188971,0
188972,0
188973,0
188974,0
188975,0
188976,0
188977,0
188978,0
188979,0
188980,1
188981,1
188982,1
188983,1
188984,1
188985,1
188986,1
188987,1
188988,1
188989,0
188990,0
188991,0
188992,1
188993,1
188994,1
188995,0
188996,0
188997,1
188998,1
188999,0
189000,0
189001,0
189002,0
189003,0
189004,0
189005,0
189006,1
189007,1
189008,1
189009,0
189010,0
189011,0
189012,0
189013,0
189014,0
189015,0
189016,0
189017,0
189018,0
189019,0
189020,0
189021,0
189022,0
189023,0
189024,1
189025,0
189026,0
189027,0
189028,0
189029,0
189030,0
189031,0
189032,0
189033,0
189034,0
189035,0
189036,0
189037,0
189038,0
189039,0
189040,0
189041,0
189042,0
189043,0
189044,0
189045,0
189046,0
189047,1
189048,1
189049,0
189050,0
189051,0
189052,0
189053,1
189054,0
189055,0
189056,0
189057,0
189058,0
189059,0
189060,0
189061,0
189062,0
189063,0
189064,0
189065,0
189066,0
189067,0
189068,0
189069,0
189070,0
189071,0
189072,0
189073,0
189074,0
189075,0
189076,0
189077,0
189078,0
189079,0
189080,0
189081,0
189082,0
189083,0
189084,0
189085,0
189086,0
189087,0
189088,0
189089,0
189090,0
189091,0
189092,0
189093,1
189094,0
189095,0
189096,0
189097,1
189098,1
189099,0
189100,0
189101,0
189102,0
189103,2
189104,2
189105,0
189106,0
189107,0
189108,0
189109,1
189110,1
189111,1
189112,1
189113,0
189114,0
189115,0
189116,3
189117,1
189118,0
189119,0
189120,0
189121,0
189122,1
189123,1
189124,0
189125,0
189126,1
189127,1
189128,1
189129,1
189130,1
189131,0
189132,0
189133,1
189134,1
189135,1
189136,1
189137,1
189138,1
189139,1
189140,0
189141,0
189142,0
189143,0
189144,0
189145,0
189146,0
189147,0
189148,1
189149,1
189150,1
189151,2
189152,0
189153,0
189154,0
189155,0
189156,0
189157,0
189158,0
189159,0
189160,0
189161,0
189162,0
189163,0
189164,0
189165,0
189166,0
189167,2
189168,2
189169,0
189170,0
189171,0
189172,0
189173,1
189174,1
189175,1
189176,0
189177,0
189178,0
189179,0
189180,0
189181,0
189182,0
189183,0
189184,0
189185,0
189186,0
189187,0
189188,0
189189,0
189190,0
189191,0
189192,0
189193,0
189194,0
189195,0
189196,0
189197,0
189198,4
189199,0
189200,2
189201,0
189202,0
189203,0
189204,0
189205,0
189206,0
189207,0
189208,0
189209,0
189210,0
189211,0
189212,0
189213,0
189214,0
189215,0
189216,0
189217,0
189218,0
189219,0
189220,0
189221,0
189222,0
189223,0
189224,0
189225,0
189226,0
189227,0
189228,0
189229,0
189230,0
189231,0
189232,0
189233,0
189234,0
189235,0
189236,0
189237,0
189238,0
189239,0
189240,0
189241,0
189242,0
189243,0
189244,1
189245,1
189246,1
189247,1
189248,1
189249,1
189250,0
189251,0
189252,0
189253,0
189254,0
189255,0
189256,0
189257,0
189258,0
189259,0
189260,0
189261,1
189262,0
189263,0
189264,0
189265,0
189266,0
189267,0
189268,0
189269,0
189270,0
189271,0
189272,0
189273,0
189274,0
189275,0
189276,0
189277,0
189278,0
189279,0
189280,0
189281,0
189282,0
189283,0
189284,1
189285,0
189286,0
189287,0
189288,0
189289,3
189290,3
189291,3
189292,1
189293,3
189294,0
189295,0
189296,0
189297,0
189298,1
189299,1
189300,2
189301,0
189302,0
189303,2
189304,0
189305,0
189306,0
189307,0
189308,0
189309,0
189310,0
189311,0
189312,0
189313,0
189314,1
189315,0
189316,1
189317,1
189318,1
189319,0
189320,0
189321,0
189322,0
189323,1
189324,1
189325,1
189326,1
189327,2
189328,2
189329,2
189330,0
189331,2
189332,0
189333,0
189334,0
189335,0
189336,0
189337,0
189338,0
189339,0
189340,0
189341,0
189342,0
189343,0
189344,0
189345,2
189346,2
189347,0
189348,0
189349,0
189350,0
189351,0
189352,0
189353,0
189354,0
189355,0
189356,2
189357,0
189358,0
189359,0
189360,0
189361,0
189362,0
189363,0
189364,1
189365,1
189366,1
189367,1
189368,1
189369,0
189370,0
189371,0
189372,0
189373,0
189374,0
189375,0
189376,0
189377,0
189378,0
189379,0
189380,0
189381,1
189382,0
189383,0
189384,0
189385,1
189386,0
189387,0
189388,0
189389,0
189390,0
189391,0
189392,0
189393,0
189394,0
189395,0
189396,0
189397,0
189398,0
189399,2
189400,0
189401,0
189402,0
189403,0
189404,0
189405,0
189406,0
189407,0
189408,0
189409,0
189410,0
189411,1
189412,0
189413,2
189414,2
189415,2
189416,2
189417,0
189418,0
189419,1
189420,1
189421,0
189422,0
189423,0
189424,0
189425,0
189426,0
189427,0
189428,0
189429,0
189430,0
189431,0
189432,0
189433,0
189434,0
189435,0
189436,0
189437,0
189438,0
189439,0
189440,1
189441,1
189442,0
189443,1
189444,0
189445,0
189446,0
189447,0
189448,0
189449,1
189450,0
189451,0
189452,0
189453,0
189454,0
189455,0
189456,0
189457,0
189458,0
189459,1
189460,1
189461,0
189462,0
189463,0
189464,0
189465,0
189466,0
189467,0
189468,0
189469,0
189470,0
189471,0
189472,0
189473,2
189474,0
189475,0
189476,0
189477,0
189478,0
189479,1
189480,1
189481,0
189482,0
189483,0
189484,0
189485,0
189486,0
189487,0
189488,0
189489,1
189490,1
189491,0
189492,0
189493,2
189494,2
189495,1
189496,1
189497,0
189498,0
189499,0
189500,0
189501,0
189502,0
189503,0
189504,0
189505,0
189506,0
189507,0
189508,1
189509,1
189510,0
189511,0
189512,0
189513,0
189514,0
189515,1
189516,1
189517,0
189518,0
189519,0
189520,1
189521,1
189522,0
189523,0
189524,0
189525,1
189526,1
189527,1
189528,0
189529,1
189530,1
189531,0
189532,0
189533,0
189534,0
189535,0
189536,0
189537,0
189538,0
189539,0
189540,0
189541,0
189542,1
189543,1
189544,1
189545,0
189546,0
189547,0
189548,0
189549,0
189550,0
189551,2
189552,0
189553,0
189554,0
189555,0
189556,0
189557,0
189558,0
189559,0
189560,0
189561,0
189562,0
189563,0
189564,0
189565,0
189566,0
189567,0
189568,0
189569,0
189570,0
189571,0
189572,0
189573,0
189574,0
189575,0
189576,0
189577,0
189578,0
189579,0
189580,0
189581,0
189582,0
189583,0
189584,0
189585,0
189586,0
189587,0
189588,0
189589,0
189590,0
189591,1
189592,1
189593,0
189594,0
189595,0
189596,0
189597,0
189598,1
189599,1
189600,1
189601,1
189602,1
189603,1
189604,1
189605,0
189606,0
189607,0
189608,0
189609,0
189610,2
189611,1
189612,1
189613,1
189614,0
189615,0
189616,0
189617,0
189618,0
189619,0
189620,0
189621,0
189622,0
189623,0
189624,0
189625,0
189626,0
189627,0
189628,0
189629,0
189630,0
189631,0
189632,0
189633,0
189634,0
189635,0
189636,0
189637,0
189638,0
189639,0
189640,0
189641,2
189642,0
189643,0
189644,0
189645,0
189646,0
189647,2
189648,0
189649,0
189650,0
189651,0
189652,0
189653,0
189654,0
189655,0
189656,0
189657,0
189658,0
189659,0
189660,0
189661,0
189662,0
189663,0
189664,0
189665,0
189666,0
189667,0
189668,0
189669,2
189670,0
189671,0
189672,0
189673,0
189674,0
189675,0
189676,0
189677,0
189678,0
189679,0
189680,0
189681,0
189682,0
189683,0
189684,0
189685,1
189686,1
189687,0
189688,0
189689,0
189690,0
189691,0
189692,0
189693,0
189694,0
189695,0
189696,0
189697,0
189698,0
189699,0
189700,0
189701,0
189702,0
189703,0
189704,0
189705,0
189706,1
189707,1
189708,1
189709,0
189710,0
189711,1
189712,1
189713,0
189714,1
189715,0
189716,0
189717,0
189718,2
189719,2
189720,2
189721,2
189722,2
189723,2
189724,2
189725,2
189726,2
189727,2
189728,0
189729,2
189730,2
189731,0
189732,0
189733,0
189734,0
189735,0
189736,0
189737,0
189738,0
189739,0
189740,0
189741,0
189742,0
189743,0
189744,0
189745,0
189746,0
189747,0
189748,0
189749,1
189750,1
189751,0
189752,0
189753,0
189754,1
189755,0
189756,0
189757,0
189758,0
189759,0
189760,0
189761,0
189762,0
189763,2
189764,0
189765,0
189766,0
189767,2
189768,2
189769,2
189770,0
189771,1
189772,0
189773,2
189774,1
189775,0
189776,0
189777,0
189778,2
189779,2
189780,1
189781,1
189782,1
189783,1
189784,1
189785,0
189786,0
189787,0
189788,0
189789,0
189790,0
189791,2
189792,2
189793,1
189794,0
189795,0
189796,0
189797,0
189798,2
189799,2
189800,2
189801,0
189802,0
189803,0
189804,0
189805,0
189806,0
189807,0
189808,1
189809,1
189810,0
189811,0
189812,1
189813,1
189814,1
189815,1
189816,1
189817,1
189818,1
189819,1
189820,0
189821,0
189822,0
189823,0
189824,1
189825,0
189826,0
189827,1
189828,0
189829,1
189830,0
189831,1
189832,1
189833,0
189834,0
189835,0
189836,0
189837,0
189838,0
189839,0
189840,0
189841,0
189842,0
189843,0
189844,0
189845,0
189846,1
189847,1
189848,1
189849,1
189850,0
189851,0
189852,0
189853,0
189854,0
189855,0
189856,0
189857,0
189858,0
189859,0
189860,0
189861,0
189862,2
189863,0
189864,0
189865,0
189866,0
189867,0
189868,0
189869,0
189870,0
189871,0
189872,0
189873,0
189874,0
189875,0
189876,0
189877,0
189878,3
189879,1
189880,1
189881,1
189882,1
189883,0
189884,0
189885,1
189886,0
189887,0
189888,1
189889,1
189890,0
189891,0
189892,0
189893,0
189894,0
189895,0
189896,0
189897,0
189898,0
189899,0
189900,0
189901,0
189902,0
189903,0
189904,0
189905,0
189906,0
189907,0
189908,0
189909,0
189910,0
189911,0
189912,0
189913,0
189914,0
189915,0
189916,0
189917,0
189918,0
189919,0
189920,0
189921,0
189922,4
189923,1
189924,0
189925,0
189926,4
189927,0
189928,0
189929,0
189930,4
189931,4
189932,2
189933,0
189934,0
189935,0
189936,0
189937,0
189938,0
189939,0
189940,0
189941,0
189942,0
189943,0
189944,0
189945,0
189946,0
189947,0
189948,0
189949,0
189950,0
189951,0
189952,0
189953,0
189954,0
189955,0
189956,0
189957,0
189958,0
189959,0
189960,0
189961,0
189962,0
189963,0
189964,0
189965,0
189966,0
189967,0
189968,0
189969,0
189970,0
189971,0
189972,0
189973,0
189974,0
189975,0
189976,0
189977,0
189978,0
189979,0
189980,0
189981,0
189982,0
189983,1
189984,2
189985,2
189986,0
189987,0
189988,0
189989,0
189990,0
189991,0
189992,0
189993,0
189994,0
189995,0
189996,0
189997,0
189998,0
189999,0
190000,0
190001,0
190002,0
190003,0
190004,0
190005,0
190006,0
190007,0
190008,0
190009,0
190010,0
190011,1
190012,1
190013,0
190014,0
190015,0
190016,0
190017,0
190018,0
190019,1
190020,0
190021,0
190022,0
190023,0
190024,0
190025,0
190026,0
190027,0
190028,0
190029,0
190030,0
190031,0
190032,0
190033,0
190034,0
190035,0
190036,0
190037,0
190038,0
190039,0
190040,0
190041,0
190042,0
190043,1
190044,1
190045,1
190046,0
190047,0
190048,0
190049,0
190050,0
190051,0
190052,0
190053,0
190054,0
190055,1
190056,2
190057,0
190058,2
190059,2
190060,0
190061,0
190062,0
190063,0
190064,1
190065,1
190066,0
190067,0
190068,0
190069,0
190070,0
190071,0
190072,0
190073,0
190074,0
190075,0
190076,0
190077,2
190078,0
190079,0
190080,0
190081,0
190082,0
190083,0
190084,0
190085,0
190086,0
190087,0
190088,0
190089,0
190090,0
190091,1
190092,1
190093,1
190094,1
190095,1
190096,0
190097,0
190098,1
190099,1
190100,0
190101,0
190102,0
190103,0
190104,0
190105,0
190106,0
190107,1
190108,0
190109,0
190110,0
190111,0
190112,0
190113,0
190114,0
190115,0
190116,0
190117,0
190118,0
190119,2
190120,0
190121,0
190122,0
190123,1
190124,1
190125,0
190126,0
190127,0
190128,0
190129,0
190130,0
190131,1
190132,2
190133,1
190134,0
190135,0
190136,0
190137,0
190138,0
190139,0
190140,0
190141,0
190142,1
190143,1
190144,1
190145,0
190146,1
190147,3
190148,1
190149,0
190150,3
190151,1
190152,1
190153,1
190154,0
190155,1
190156,1
190157,0
190158,0
190159,0
190160,0
190161,0
190162,0
190163,0
190164,0
190165,0
190166,0
190167,0
190168,0
190169,0
190170,0
190171,0
190172,0
190173,0
190174,0
190175,0
190176,0
190177,1
190178,0
190179,0
190180,0
190181,0
190182,1
190183,0
190184,0
190185,0
190186,0
190187,0
190188,0
190189,0
190190,4
190191,4
190192,2
190193,4
190194,4
190195,0
190196,0
190197,0
190198,0
190199,0
190200,0
190201,1
190202,1
190203,0
190204,0
190205,0
190206,0
190207,0
190208,0
190209,0
190210,0
190211,0
190212,0
190213,0
190214,0
190215,0
190216,0
190217,0
190218,0
190219,0
190220,0
190221,0
190222,0
190223,0
190224,0
190225,0
190226,0
190227,0
190228,0
190229,0
190230,0
190231,0
190232,0
190233,0
190234,0
190235,0
190236,0
190237,0
190238,0
190239,0
190240,0
190241,0
190242,0
190243,0
190244,0
190245,0
190246,2
190247,2
190248,2
190249,2
190250,2
190251,2
190252,2
190253,0
190254,1
190255,0
190256,0
190257,0
190258,0
190259,1
190260,2
190261,2
190262,0
190263,0
190264,0
190265,0
190266,0
190267,0
190268,2
190269,2
190270,2
190271,2
190272,2
190273,0
190274,0
190275,0
190276,0
190277,0
190278,0
190279,0
190280,0
190281,0
190282,2
190283,2
190284,2
190285,0
190286,0
190287,0
190288,0
190289,0
190290,0
190291,0
190292,0
190293,0
190294,0
190295,0
190296,0
190297,0
190298,0
190299,0
190300,1
190301,1
190302,2
190303,2
190304,2
190305,1
190306,1
190307,1
190308,0
190309,0
190310,0
190311,1
190312,1
190313,0
190314,0
190315,0
190316,0
190317,0
190318,0
190319,0
190320,0
190321,0
190322,0
190323,0
190324,0
190325,0
190326,1
190327,1
190328,0
190329,0
190330,0
190331,0
190332,0
190333,0
190334,0
190335,0
190336,0
190337,0
190338,0
190339,0
190340,0
190341,0
190342,1
190343,1
190344,1
190345,0
190346,0
190347,0
190348,0
190349,0
190350,0
190351,0
190352,0
190353,0
190354,0
190355,1
190356,0
190357,1
190358,1
190359,1
190360,1
190361,0
190362,0
190363,0
190364,0
190365,0
190366,0
190367,0
190368,0
190369,0
190370,0
190371,0
190372,0
190373,0
190374,0
190375,0
190376,0
190377,0
190378,0
190379,0
190380,0
190381,0
190382,0
190383,0
190384,0
190385,0
190386,0
190387,0
190388,0
190389,0
190390,0
190391,0
190392,0
190393,0
190394,0
190395,0
190396,0
190397,0
190398,1
190399,1
190400,0
190401,0
190402,0
190403,0
190404,0
190405,1
190406,1
190407,1
190408,1
190409,1
190410,0
190411,0
190412,0
190413,3
190414,3
190415,3
190416,0
190417,0
190418,1
190419,3
190420,3
190421,0
190422,0
190423,0
190424,0
190425,0
190426,0
190427,2
190428,2
190429,0
190430,2
190431,2
190432,2
190433,0
190434,0
190435,0
190436,0
190437,0
190438,2
190439,2
190440,2
190441,2
190442,2
190443,0
190444,0
190445,0
190446,0
190447,2
190448,2
190449,2
190450,2
190451,2
190452,2
190453,2
190454,0
190455,0
190456,0
190457,0
190458,0
190459,0
190460,0
190461,0
190462,0
190463,0
190464,0
190465,3
190466,1
190467,0
190468,1
190469,1
190470,0
190471,0
190472,0
190473,0
190474,0
190475,0
190476,0
190477,0
190478,0
190479,0
190480,0
190481,0
190482,0
190483,0
190484,0
190485,1
190486,1
190487,0
190488,1
190489,1
190490,0
190491,0
190492,1
190493,4
190494,2
190495,2
190496,2
190497,0
190498,0
190499,0
190500,0
190501,0
190502,0
190503,0
190504,0
190505,0
190506,0
190507,0
190508,2
190509,2
190510,0
190511,2
190512,0
190513,0
190514,0
190515,2
190516,0
190517,0
190518,0
190519,0
190520,0
190521,0
190522,0
190523,0
190524,2
190525,2
190526,0
190527,0
190528,0
190529,0
190530,0
190531,0
190532,1
190533,0
190534,0
190535,0
190536,1
190537,0
190538,0
190539,0
190540,0
190541,0
190542,0
190543,0
190544,0
190545,0
190546,0
190547,0
190548,0
190549,1
190550,0
190551,3
190552,3
190553,3
190554,3
190555,3
190556,3
190557,0
190558,3
190559,3
190560,3
190561,3
190562,3
190563,1
190564,1
190565,0
190566,3
190567,0
190568,3
190569,1
190570,3
190571,1
190572,0
190573,1
190574,1
190575,1
190576,0
190577,1
190578,0
190579,1
190580,1
190581,1
190582,1
190583,0
190584,0
190585,0
190586,0
190587,0
190588,1
190589,1
190590,0
190591,0
190592,0
190593,0
190594,1
190595,0
190596,0
190597,0
190598,0
190599,0
190600,0
190601,0
190602,1
190603,1
190604,0
190605,0
190606,0
190607,0
190608,0
190609,0
190610,0
190611,0
190612,0
190613,0
190614,0
190615,0
190616,0
190617,0
190618,0
190619,0
190620,0
190621,0
190622,0
190623,2
190624,0
190625,0
190626,0
190627,0
190628,0
190629,1
190630,0
190631,0
190632,0
190633,0
190634,0
190635,0
190636,0
190637,1
190638,0
190639,0
190640,0
190641,0
190642,0
190643,0
190644,0
190645,0
190646,0
190647,1
190648,1
190649,1
190650,1
190651,0
190652,0
190653,0
190654,1
190655,1
190656,1
190657,0
190658,0
190659,0
190660,0
190661,0
190662,0
190663,1
190664,1
190665,0
190666,0
190667,0
190668,0
190669,0
190670,0
190671,0
190672,0
190673,0
190674,0
190675,0
190676,0
190677,0
190678,0
190679,0
190680,0
190681,0
190682,0
190683,0
190684,0
190685,0
190686,0
190687,0
190688,0
190689,0
190690,0
190691,0
190692,0
190693,0
190694,0
190695,0
190696,0
190697,0
190698,0
190699,0
190700,0
190701,0
190702,0
190703,0
190704,0
190705,0
190706,0
190707,0
190708,0
190709,0
190710,0
190711,0
190712,0
190713,0
190714,0
190715,0
190716,0
190717,0
190718,0
190719,0
190720,0
190721,0
190722,0
190723,0
190724,0
190725,0
190726,0
190727,0
190728,0
190729,0
190730,0
190731,0
190732,0
190733,0
190734,0
190735,0
190736,0
190737,0
190738,0
190739,0
190740,0
190741,0
190742,0
190743,2
190744,0
190745,4
190746,2
190747,2
190748,4
190749,0
190750,0
190751,0
190752,0
190753,0
190754,0
190755,0
190756,1
190757,0
190758,0
190759,0
190760,0
190761,0
190762,0
190763,0
190764,0
190765,1
190766,1
190767,1
190768,1
190769,1
190770,0
190771,0
190772,2
190773,0
190774,1
190775,0
190776,0
190777,0
190778,0
190779,1
190780,1
190781,1
190782,0
190783,1
190784,0
190785,0
190786,0
190787,0
190788,0
190789,0
190790,0
190791,4
190792,2
190793,2
190794,2
190795,2
190796,0
190797,1
190798,1
190799,0
190800,1
190801,1
190802,0
190803,0
190804,0
190805,0
190806,0
190807,0
190808,0
190809,0
190810,0
190811,0
190812,0
190813,0
190814,0
190815,0
190816,0
190817,0
190818,0
190819,2
190820,2
190821,2
190822,0
190823,0
190824,2
190825,2
190826,2
190827,2
190828,1
190829,2
190830,1
190831,1
190832,1
190833,0
190834,0
190835,0
190836,0
190837,1
190838,2
190839,2
190840,2
190841,0
190842,0
190843,1
190844,0
190845,0
190846,0
190847,0
190848,0
190849,0
190850,0
190851,0
190852,0
190853,0
190854,2
190855,2
190856,2
190857,2
190858,2
190859,2
190860,0
190861,2
190862,2
190863,0
190864,0
190865,0
190866,0
190867,0
190868,0
190869,0
190870,0
190871,2
190872,1
190873,0
190874,0
190875,0
190876,0
190877,0
190878,0
190879,1
190880,0
190881,0
190882,0
190883,0
190884,0
190885,0
190886,0
190887,0
190888,0
190889,0
190890,0
190891,0
190892,0
190893,0
190894,0
190895,0
190896,0
190897,0
190898,0
190899,1
190900,1
190901,1
190902,0
190903,0
190904,0
190905,0
190906,2
190907,2
190908,2
190909,1
190910,1
190911,1
190912,1
190913,1
190914,1
190915,1
190916,1
190917,0
190918,0
190919,1
190920,3
190921,3
190922,0
190923,0
190924,0
190925,0
190926,0
190927,0
190928,0
190929,0
190930,0
190931,1
190932,0
190933,0
190934,0
190935,1
190936,1
190937,1
190938,0
190939,1
190940,1
190941,1
190942,1
190943,0
190944,1
190945,0
190946,0
190947,0
190948,0
190949,0
190950,0
190951,0
190952,0
190953,0
190954,0
190955,1
190956,1
190957,0
190958,0
190959,0
190960,0
190961,1
190962,1
190963,0
190964,0
190965,0
190966,0
190967,0
190968,0
190969,1
190970,1
190971,1
190972,0
190973,0
190974,0
190975,0
190976,0
190977,0
190978,0
190979,1
190980,1
190981,1
190982,0
190983,0
190984,0
190985,0
190986,0
190987,0
190988,0
190989,0
190990,0
190991,0
190992,0
190993,0
190994,1
190995,1
190996,1
190997,0
190998,1
190999,0
191000,0
191001,0
191002,0
191003,0
191004,1
191005,1
191006,1
191007,1
191008,1
191009,1
191010,1
191011,2
191012,2
191013,0
191014,1
191015,1
191016,0
191017,1
191018,1
191019,0
191020,0
191021,0
191022,1
191023,1
191024,1
191025,1
191026,1
191027,1
191028,0
191029,0
191030,0
191031,0
191032,0
191033,0
191034,1
191035,1
191036,0
191037,1
191038,2
191039,2
191040,0
191041,1
191042,1
191043,1
191044,1
191045,1
191046,1
191047,0
191048,1
191049,1
191050,0
191051,0
191052,0
191053,0
191054,0
191055,0
191056,0
191057,0
191058,0
191059,0
191060,0
191061,0
191062,0
191063,0
191064,2
191065,0
191066,0
191067,0
191068,0
191069,2
191070,0
191071,0
191072,0
191073,0
191074,2
191075,2
191076,2
191077,0
191078,3
191079,1
191080,1
191081,1
191082,1
191083,0
191084,0
191085,1
191086,1
191087,1
191088,1
191089,1
191090,1
191091,1
191092,1
191093,0
191094,0
191095,0
191096,1
191097,1
191098,0
191099,0
191100,0
191101,0
191102,0
191103,0
191104,0
191105,0
191106,0
191107,0
191108,0
191109,0
191110,0
191111,0
191112,0
191113,0
191114,0
191115,0
191116,0
191117,0
191118,0
191119,0
191120,0
191121,0
191122,0
191123,0
191124,4
191125,0
191126,0
191127,0
191128,0
191129,0
191130,0
191131,0
191132,0
191133,0
191134,0
191135,0
191136,0
191137,4
191138,4
191139,2
191140,2
191141,2
191142,0
191143,0
191144,0
191145,0
191146,0
191147,0
191148,2
191149,0
191150,0
191151,2
191152,2
191153,0
191154,0
191155,0
191156,2
191157,0
191158,0
191159,0
191160,0
191161,0
191162,0
191163,0
191164,0
191165,0
191166,0
191167,0
191168,0
191169,0
191170,0
191171,0
191172,0
191173,0
191174,0
191175,0
191176,0
191177,0
191178,0
191179,0
191180,0
191181,0
191182,0
191183,0
191184,0
191185,0
191186,0
191187,0
191188,0
191189,0
191190,0
191191,0
191192,0
191193,0
191194,0
191195,0
191196,0
191197,0
191198,0
191199,0
191200,0
191201,0
191202,0
191203,0
191204,0
191205,0
191206,0
191207,1
191208,1
191209,1
191210,1
191211,1
191212,0
191213,1
191214,1
191215,1
191216,1
191217,0
191218,0
191219,0
191220,0
191221,0
191222,0
191223,0
191224,0
191225,0
191226,1
191227,0
191228,0
191229,0
191230,0
191231,0
191232,0
191233,0
191234,0
191235,0
191236,1
191237,1
191238,0
191239,0
191240,1
191241,1
191242,1
191243,1
191244,1
191245,0
191246,0
191247,0
191248,0
191249,0
191250,0
191251,1
191252,0
191253,0
191254,0
191255,1
191256,1
191257,1
191258,0
191259,0
191260,0
191261,0
191262,0
191263,0
191264,1
191265,0
191266,0
191267,1
191268,1
191269,1
191270,1
191271,1
191272,1
191273,1
191274,1
191275,1
191276,0
191277,0
191278,0
191279,0
191280,0
191281,0
191282,0
191283,0
191284,0
191285,0
191286,1
191287,1
191288,0
191289,0
191290,0
191291,0
191292,0
191293,0
191294,1
191295,1
191296,1
191297,0
191298,0
191299,0
191300,1
191301,1
191302,1
191303,0
191304,0
191305,1
191306,1
191307,1
191308,0
191309,0
191310,0
191311,0
191312,0
191313,0
191314,0
191315,0
191316,0
191317,1
191318,1
191319,3
191320,3
191321,0
191322,0
191323,0
191324,0
191325,0
191326,0
191327,0
191328,0
191329,0
191330,0
191331,1
191332,1
191333,0
191334,0
191335,0
191336,1
191337,3
191338,1
191339,0
191340,1
191341,0
191342,1
191343,1
191344,1
191345,0
191346,2
191347,1
191348,1
191349,0
191350,0
191351,0
191352,0
191353,0
191354,0
191355,1
191356,1
191357,1
191358,0
191359,0
191360,0
191361,0
191362,0
191363,0
191364,0
191365,0
191366,1
191367,2
191368,2
191369,0
191370,0
191371,0
191372,0
191373,0
191374,0
191375,0
191376,0
191377,1
191378,1
191379,1
191380,1
191381,0
191382,0
191383,0
191384,1
191385,0
191386,0
191387,0
191388,0
191389,0
191390,0
191391,3
191392,3
191393,0
191394,0
191395,0
191396,0
191397,0
191398,0
191399,0
191400,0
191401,0
191402,1
191403,0
191404,0
191405,1
191406,1
191407,0
191408,0
191409,0
191410,0
191411,0
191412,1
191413,3
191414,1
191415,0
191416,0
191417,0
191418,1
191419,1
191420,1
191421,1
191422,1
191423,1
191424,1
191425,0
191426,0
191427,0
191428,0
191429,0
191430,0
191431,0
191432,0
191433,0
191434,0
191435,0
191436,1
191437,0
191438,0
191439,2
191440,2
191441,0
191442,0
191443,1
191444,0
191445,0
191446,0
191447,0
191448,0
191449,0
191450,1
191451,1
191452,1
191453,1
191454,4
191455,2
191456,2
191457,0
191458,0
191459,0
191460,0
191461,0
191462,0
191463,0
191464,2
191465,2
191466,2
191467,2
191468,2
191469,2
191470,2
191471,2
191472,0
191473,0
191474,0
191475,0
191476,0
191477,0
191478,0
191479,0
191480,0
191481,0
191482,0
191483,0
191484,0
191485,0
191486,0
191487,0
191488,0
191489,0
191490,0
191491,0
191492,0
191493,0
191494,4
191495,0
191496,0
191497,2
191498,2
191499,2
191500,0
191501,0
191502,0
191503,0
191504,0
191505,0
191506,0
191507,0
191508,0
191509,0
191510,0
191511,0
191512,3
191513,0
191514,0
191515,0
191516,3
191517,1
191518,3
191519,1
191520,1
191521,1
191522,0
191523,1
191524,0
191525,0
191526,0
191527,0
191528,0
191529,0
191530,1
191531,0
191532,0
191533,0
191534,0
191535,0
191536,1
191537,0
191538,0
191539,0
191540,0
191541,0
191542,1
191543,1
191544,1
191545,1
191546,1
191547,1
191548,1
191549,0
191550,1
191551,1
191552,0
191553,0
191554,0
191555,1
191556,1
191557,1
191558,1
191559,0
191560,0
191561,0
191562,0
191563,0
191564,0
191565,0
191566,2
191567,0
191568,0
191569,0
191570,0
191571,0
191572,0
191573,0
191574,0
191575,2
191576,2
191577,2
191578,2
191579,0
191580,0
191581,1
191582,1
191583,1
191584,0
191585,0
191586,0
191587,0
191588,2
191589,2
191590,0
191591,0
191592,1
191593,1
191594,1
191595,1
191596,0
191597,0
191598,0
191599,1
191600,1
191601,0
191602,0
191603,0
191604,0
191605,0
191606,0
191607,1
191608,0
191609,0
191610,0
191611,0
191612,0
191613,1
191614,1
191615,1
191616,0
191617,0
191618,0
191619,0
191620,0
191621,0
191622,0
191623,0
191624,0
191625,0
191626,0
191627,0
191628,0
191629,1
191630,0
191631,0
191632,0
191633,0
191634,0
191635,1
191636,0
191637,0
191638,0
191639,0
191640,0
191641,0
191642,0
191643,0
191644,0
191645,0
191646,0
191647,0
191648,0
191649,0
191650,0
191651,0
191652,0
191653,0
191654,0
191655,0
191656,0
191657,2
191658,0
191659,2
191660,2
191661,0
191662,0
191663,0
191664,0
191665,1
191666,1
191667,1
191668,1
191669,0
191670,1
191671,0
191672,0
191673,0
191674,0
191675,0
191676,0
191677,0
191678,1
191679,0
191680,0
191681,0
191682,1
191683,1
191684,1
191685,1
191686,1
191687,0
191688,0
191689,0
191690,0
191691,0
191692,0
191693,0
191694,0
191695,0
191696,0
191697,2
191698,0
191699,0
191700,0
191701,0
191702,0
191703,0
191704,0
191705,0
191706,0
191707,0
191708,0
191709,0
191710,0
191711,0
191712,0
191713,0
191714,0
191715,0
191716,0
191717,0
191718,0
191719,0
191720,0
191721,1
191722,1
191723,1
191724,1
191725,1
191726,1
191727,0
191728,0
191729,1
191730,1
191731,1
191732,0
191733,1
191734,1
191735,0
191736,0
191737,0
191738,0
191739,0
191740,0
191741,0
191742,0
191743,0
191744,0
191745,0
191746,1
191747,1
191748,1
191749,1
191750,1
191751,0
191752,1
191753,1
191754,1
191755,0
191756,0
191757,0
191758,0
191759,0
191760,0
191761,0
191762,0
191763,0
191764,1
191765,3
191766,3
191767,1
191768,1
191769,1
191770,0
191771,0
191772,1
191773,1
191774,0
191775,0
191776,0
191777,0
191778,0
191779,0
191780,1
191781,1
191782,1
191783,1
191784,1
191785,1
191786,0
191787,0
191788,0
191789,0
191790,0
191791,0
191792,0
191793,1
191794,1
191795,1
191796,0
191797,0
191798,0
191799,1
191800,1
191801,1
191802,0
191803,0
191804,0
191805,0
191806,2
191807,0
191808,0
191809,0
191810,0
191811,0
191812,0
191813,0
191814,0
191815,0
191816,0
191817,0
191818,0
191819,0
191820,0
191821,0
191822,0
191823,0
191824,0
191825,0
191826,0
191827,0
191828,1
191829,2
191830,0
191831,0
191832,1
191833,1
191834,0
191835,1
191836,1
191837,1
191838,0
191839,0
191840,0
191841,0
191842,0
191843,0
191844,0
191845,0
191846,0
191847,0
191848,0
191849,0
191850,0
191851,1
191852,1
191853,0
191854,0
191855,0
191856,0
191857,1
191858,1
191859,0
191860,0
191861,0
191862,0
191863,0
191864,0
191865,0
191866,0
191867,0
191868,0
191869,0
191870,0
191871,0
191872,0
191873,1
191874,1
191875,1
191876,3
191877,3
191878,3
191879,0
191880,0
191881,2
191882,2
191883,0
191884,0
191885,0
191886,0
191887,0
191888,0
191889,1
191890,1
191891,1
191892,1
191893,0
191894,0
191895,0
191896,0
191897,1
191898,1
191899,0
191900,0
191901,0
191902,1
191903,0
191904,1
191905,0
191906,1
191907,1
191908,0
191909,0
191910,0
191911,0
191912,0
191913,0
191914,0
191915,0
191916,0
191917,0
191918,0
191919,0
191920,0
191921,0
191922,0
191923,0
191924,0
191925,0
191926,2
191927,0
191928,0
191929,0
191930,0
191931,0
191932,0
191933,2
191934,2
191935,2
191936,0
191937,0
191938,0
191939,0
191940,2
191941,0
191942,0
191943,2
191944,2
191945,2
191946,2
191947,0
191948,1
191949,1
191950,0
191951,0
191952,0
191953,0
191954,0
191955,1
191956,0
191957,1
191958,0
191959,0
191960,0
191961,0
191962,0
191963,0
191964,1
191965,0
191966,0
191967,1
191968,1
191969,0
191970,0
191971,0
191972,0
191973,0
191974,0
191975,0
191976,0
191977,0
191978,0
191979,0
191980,0
191981,0
191982,0
191983,0
191984,0
191985,0
191986,0
191987,0
191988,0
191989,0
191990,0
191991,0
191992,0
191993,0
191994,0
191995,0
191996,0
191997,0
191998,0
191999,0
192000,0
192001,0
192002,0
192003,0
192004,0
192005,1
192006,1
192007,0
192008,0
192009,1
192010,1
192011,0
192012,1
192013,1
192014,1
192015,1
192016,1
192017,1
192018,0
192019,2
192020,0
192021,0
192022,0
192023,1
192024,1
192025,0
192026,0
192027,1
192028,1
192029,1
192030,1
192031,0
192032,0
192033,0
192034,0
192035,0
192036,1
192037,0
192038,0
192039,1
192040,0
192041,0
192042,0
192043,0
192044,0
192045,0
192046,0
192047,0
192048,0
192049,0
192050,0
192051,0
192052,0
192053,0
192054,3
192055,3
192056,1
192057,1
192058,1
192059,1
192060,0
192061,0
192062,0
192063,0
192064,0
192065,1
192066,0
192067,0
192068,1
192069,1
192070,1
192071,0
192072,0
192073,0
192074,0
192075,2
192076,2
192077,0
192078,2
192079,2
192080,0
192081,0
192082,0
192083,0
192084,1
192085,0
192086,0
192087,2
192088,1
192089,1
192090,1
192091,1
192092,0
192093,0
192094,0
192095,0
192096,0
192097,0
192098,0
192099,0
192100,0
192101,0
192102,0
192103,0
192104,0
192105,0
192106,0
192107,0
192108,0
192109,0
192110,0
192111,0
192112,0
192113,0
192114,0
192115,0
192116,0
192117,0
192118,0
192119,0
192120,0
192121,0
192122,1
192123,1
192124,0
192125,0
192126,0
192127,0
192128,0
192129,0
192130,0
192131,1
192132,0
192133,0
192134,0
192135,0
192136,0
192137,0
192138,2
192139,2
192140,0
192141,0
192142,0
192143,0
192144,0
192145,0
192146,0
192147,0
192148,0
192149,0
192150,0
192151,0
192152,0
192153,0
192154,0
192155,0
192156,0
192157,0
192158,1
192159,0
192160,0
192161,0
192162,0
192163,0
192164,0
192165,0
192166,0
192167,0
192168,0
192169,2
192170,0
192171,0
192172,0
192173,0
192174,0
192175,0
192176,0
192177,2
192178,2
192179,0
192180,0
192181,0
192182,2
192183,2
192184,0
192185,0
192186,0
192187,0
192188,0
192189,0
192190,0
192191,0
192192,0
192193,0
192194,0
192195,0
192196,0
192197,1
192198,1
192199,1
192200,1
192201,1
192202,1
192203,1
192204,0
192205,0
192206,0
192207,0
192208,0
192209,0
192210,0
192211,0
192212,0
192213,0
192214,0
192215,0
192216,0
192217,0
192218,0
192219,0
192220,0
192221,0
192222,0
192223,0
192224,3
192225,1
192226,0
192227,0
192228,0
192229,0
192230,1
192231,1
192232,1
192233,1
192234,0
192235,0
192236,0
192237,0
192238,0
192239,0
192240,0
192241,0
192242,0
192243,0
192244,0
192245,1
192246,1
192247,0
192248,0
192249,0
192250,1
192251,1
192252,1
192253,1
192254,2
192255,2
192256,0
192257,0
192258,0
192259,0
192260,0
192261,0
192262,0
192263,1
192264,0
192265,0
192266,0
192267,0
192268,0
192269,0
192270,0
192271,0
192272,0
192273,0
192274,0
192275,0
192276,0
192277,1
192278,1
192279,1
192280,1
192281,0
192282,1
192283,0
192284,0
192285,0
192286,0
192287,0
192288,0
192289,2
192290,2
192291,2
192292,0
192293,0
192294,0
192295,0
192296,0
192297,0
192298,0
192299,0
192300,0
192301,0
192302,0
192303,0
192304,0
192305,0
192306,0
192307,0
192308,0
192309,0
192310,0
192311,0
192312,0
192313,0
192314,0
192315,0
192316,0
192317,0
192318,0
192319,0
192320,0
192321,0
192322,0
192323,0
192324,0
192325,0
192326,0
192327,0
192328,0
192329,0
192330,0
192331,0
192332,1
192333,1
192334,1
192335,1
192336,1
192337,1
192338,1
192339,0
192340,0
192341,1
192342,0
192343,0
192344,0
192345,0
192346,0
192347,0
192348,0
192349,0
192350,0
192351,0
192352,0
192353,0
192354,0
192355,0
192356,0
192357,0
192358,0
192359,0
192360,0
192361,0
192362,0
192363,0
192364,0
192365,0
192366,0
192367,0
192368,0
192369,0
192370,0
192371,0
192372,0
192373,0
192374,0
192375,1
192376,1
192377,0
192378,1
192379,1
192380,1
192381,0
192382,1
192383,0
192384,0
192385,0
192386,0
192387,0
192388,0
192389,0
192390,0
192391,1
192392,1
192393,0
192394,1
192395,1
192396,0
192397,0
192398,1
192399,0
192400,1
192401,0
192402,0
192403,0
192404,0
192405,0
192406,2
192407,2
192408,0
192409,1
192410,1
192411,1
192412,2
192413,2
192414,2
192415,2
192416,1
192417,1
192418,1
192419,2
192420,1
192421,1
192422,1
192423,1
192424,1
192425,1
192426,0
192427,0
192428,0
192429,0
192430,0
192431,1
192432,1
192433,1
192434,0
192435,0
192436,0
192437,0
192438,1
192439,0
192440,0
192441,1
192442,0
192443,0
192444,0
192445,0
192446,4
192447,2
192448,2
192449,2
192450,2
192451,2
192452,2
192453,2
192454,2
192455,0
192456,0
192457,0
192458,0
192459,0
192460,0
192461,0
192462,0
192463,0
192464,0
192465,0
192466,0
192467,0
192468,0
192469,0
192470,0
192471,2
192472,0
192473,0
192474,0
192475,0
192476,0
192477,0
192478,0
192479,0
192480,0
192481,0
192482,2
192483,2
192484,0
192485,0
192486,1
192487,0
192488,1
192489,1
192490,1
192491,1
192492,1
192493,0
192494,0
192495,2
192496,0
192497,0
192498,0
192499,1
192500,2
192501,2
192502,2
192503,0
192504,0
192505,2
192506,0
192507,0
192508,0
192509,0
192510,0
192511,0
192512,0
192513,0
192514,0
192515,0
192516,0
192517,0
192518,0
192519,0
192520,0
192521,0
192522,0
192523,0
192524,2
192525,2
192526,2
192527,2
192528,0
192529,1
192530,0
192531,0
192532,0
192533,0
192534,0
192535,0
192536,0
192537,2
192538,2
192539,2
192540,2
192541,0
192542,2
192543,1
192544,0
192545,0
192546,0
192547,0
192548,0
192549,0
192550,0
192551,1
192552,1
192553,0
192554,0
192555,2
192556,2
192557,0
192558,0
192559,2
192560,2
192561,2
192562,0
192563,0
192564,0
192565,0
192566,0
192567,0
192568,0
192569,0
192570,0
192571,0
192572,0
192573,0
192574,0
192575,0
192576,0
192577,0
192578,0
192579,0
192580,0
192581,0
192582,0
192583,0
192584,0
192585,0
192586,0
192587,2
192588,2
192589,2
192590,0
192591,0
192592,0
192593,0
192594,0
192595,0
192596,0
192597,0
192598,0
192599,0
192600,0
192601,0
192602,0
192603,1
192604,1
192605,0
192606,0
192607,2
192608,2
192609,0
192610,3
192611,1
192612,1
192613,1
192614,1
192615,1
192616,0
192617,1
192618,1
192619,1
192620,0
192621,0
192622,0
192623,0
192624,0
192625,0
192626,0
192627,1
192628,1
192629,0
192630,0
192631,0
192632,0
192633,0
192634,0
192635,0
192636,0
192637,0
192638,0
192639,0
192640,0
192641,0
192642,0
192643,0
192644,0
192645,0
192646,2
192647,1
192648,0
192649,0
192650,1
192651,1
192652,1
192653,0
192654,0
192655,0
192656,0
192657,0
192658,0
192659,0
192660,0
192661,0
192662,0
192663,0
192664,0
192665,0
192666,0
192667,0
192668,0
192669,0
192670,2
192671,2
192672,2
192673,0
192674,0
192675,0
192676,0
192677,0
192678,0
192679,2
192680,0
192681,0
192682,2
192683,0
192684,0
192685,0
192686,0
192687,0
192688,0
192689,0
192690,1
192691,1
192692,0
192693,0
192694,0
192695,0
192696,0
192697,0
192698,0
192699,0
192700,0
192701,0
192702,0
192703,1
192704,1
192705,1
192706,1
192707,0
192708,2
192709,2
192710,2
192711,2
192712,0
192713,0
192714,0
192715,0
192716,0
192717,0
192718,0
192719,0
192720,0
192721,0
192722,0
192723,0
192724,0
192725,0
192726,0
192727,0
192728,0
192729,0
192730,0
192731,0
192732,0
192733,0
192734,0
192735,0
192736,1
192737,1
192738,1
192739,1
192740,1
192741,0
192742,0
192743,0
192744,0
192745,0
192746,0
192747,0
192748,1
192749,0
192750,1
192751,1
192752,1
192753,0
192754,1
192755,0
192756,0
192757,0
192758,0
192759,1
192760,1
192761,1
192762,1
192763,0
192764,1
192765,1
192766,1
192767,1
192768,1
192769,1
192770,1
192771,0
192772,0
192773,0
192774,0
192775,0
192776,0
192777,0
192778,0
192779,0
192780,0
192781,0
192782,0
192783,0
192784,0
192785,0
192786,0
192787,0
192788,0
192789,0
192790,0
192791,0
192792,0
192793,0
192794,0
192795,0
192796,0
192797,0
192798,0
192799,0
192800,0
192801,0
192802,0
192803,0
192804,0
192805,0
192806,2
192807,2
192808,0
192809,2
192810,2
192811,2
192812,0
192813,0
192814,0
192815,0
192816,0
192817,1
192818,1
192819,1
192820,1
192821,1
192822,1
192823,1
192824,1
192825,1
192826,1
192827,0
192828,0
192829,0
192830,1
192831,1
192832,1
192833,0
192834,0
192835,0
192836,0
192837,0
192838,0
192839,0
192840,0
192841,0
192842,0
192843,0
192844,0
192845,0
192846,0
192847,0
192848,0
192849,0
192850,0
192851,0
192852,0
192853,0
192854,0
192855,0
192856,0
192857,0
192858,0
192859,0
192860,0
192861,0
192862,0
192863,0
192864,0
192865,0
192866,0
192867,0
192868,0
192869,0
192870,0
192871,0
192872,0
192873,0
192874,0
192875,0
192876,0
192877,0
192878,0
192879,0
192880,0
192881,0
192882,0
192883,0
192884,0
192885,0
192886,0
192887,0
192888,0
192889,0
192890,0
192891,0
192892,0
192893,0
192894,0
192895,0
192896,0
192897,0
192898,0
192899,4
192900,1
192901,0
192902,0
192903,0
192904,0
192905,0
192906,0
192907,0
192908,0
192909,0
192910,0
192911,0
192912,0
192913,2
192914,0
192915,2
192916,0
192917,0
192918,0
192919,0
192920,0
192921,0
192922,0
192923,1
192924,0
192925,1
192926,1
192927,0
192928,0
192929,0
192930,0
192931,0
192932,0
192933,0
192934,0
192935,0
192936,0
192937,0
192938,1
192939,1
192940,0
192941,1
192942,0
192943,0
192944,2
192945,0
192946,0
192947,1
192948,0
192949,0
192950,0
192951,0
192952,0
192953,0
192954,0
192955,1
192956,1
192957,2
192958,2
192959,2
192960,2
192961,2
192962,0
192963,2
192964,2
192965,0
192966,4
192967,2
192968,2
192969,2
192970,0
192971,0
192972,0
192973,2
192974,2
192975,1
192976,0
192977,0
192978,0
192979,0
192980,0
192981,0
192982,0
192983,0
192984,0
192985,0
192986,0
192987,0
192988,0
192989,0
192990,0
192991,0
192992,4
192993,2
192994,2
192995,0
192996,0
192997,0
192998,0
192999,0
193000,2
193001,2
193002,2
193003,2
193004,2
193005,0
193006,0
193007,0
193008,0
193009,0
193010,0
193011,0
193012,0
193013,0
193014,0
193015,0
193016,1
193017,0
193018,0
193019,0
193020,0
193021,0
193022,0
193023,0
193024,0
193025,0
193026,0
193027,0
193028,0
193029,0
193030,0
193031,0
193032,0
193033,0
193034,0
193035,0
193036,0
193037,1
193038,0
193039,0
193040,0
193041,0
193042,0
193043,0
193044,0
193045,0
193046,0
193047,0
193048,0
193049,0
193050,2
193051,0
193052,0
193053,0
193054,0
193055,0
193056,0
193057,0
193058,0
193059,0
193060,0
193061,0
193062,0
193063,0
193064,0
193065,0
193066,0
193067,2
193068,2
193069,2
193070,2
193071,0
193072,2
193073,2
193074,2
193075,0
193076,0
193077,0
193078,2
193079,2
193080,0
193081,0
193082,0
193083,0
193084,2
193085,0
193086,0
193087,0
193088,1
193089,1
193090,0
193091,1
193092,1
193093,0
193094,0
193095,0
193096,1
193097,1
193098,0
193099,0
193100,0
193101,0
193102,0
193103,0
193104,0
193105,0
193106,0
193107,0
193108,0
193109,0
193110,2
193111,0
193112,0
193113,2
193114,2
193115,0
193116,0
193117,0
193118,0
193119,0
193120,0
193121,0
193122,0
193123,0
193124,0
193125,0
193126,0
193127,0
193128,0
193129,0
193130,1
193131,0
193132,0
193133,0
193134,0
193135,0
193136,1
193137,1
193138,0
193139,0
193140,0
193141,0
193142,0
193143,0
193144,0
193145,0
193146,0
193147,0
193148,0
193149,0
193150,0
193151,0
193152,0
193153,0
193154,1
193155,1
193156,1
193157,1
193158,1
193159,0
193160,1
193161,1
193162,0
193163,0
193164,0
193165,0
193166,0
193167,0
193168,0
193169,0
193170,0
193171,0
193172,0
193173,0
193174,0
193175,0
193176,0
193177,0
193178,2
193179,0
193180,0
193181,0
193182,0
193183,1
193184,0
193185,0
193186,0
193187,0
193188,0
193189,0
193190,0
193191,2
193192,0
193193,0
193194,1
193195,1
193196,1
193197,0
193198,0
193199,0
193200,0
193201,0
193202,0
193203,0
193204,0
193205,1
193206,1
193207,1
193208,1
193209,1
193210,1
193211,0
193212,0
193213,0
193214,0
193215,0
193216,0
193217,0
193218,0
193219,0
193220,0
193221,0
193222,0
193223,0
193224,0
193225,1
193226,1
193227,0
193228,1
193229,1
193230,1
193231,1
193232,1
193233,1
193234,1
193235,0
193236,0
193237,0
193238,0
193239,0
193240,0
193241,0
193242,0
193243,2
193244,2
193245,2
193246,0
193247,0
193248,1
193249,1
193250,1
193251,0
193252,0
193253,0
193254,0
193255,0
193256,0
193257,0
193258,0
193259,0
193260,0
193261,0
193262,0
193263,0
193264,0
193265,0
193266,0
193267,0
193268,0
193269,0
193270,0
193271,0
193272,2
193273,2
193274,2
193275,0
193276,0
193277,0
193278,0
193279,0
193280,0
193281,0
193282,0
193283,0
193284,0
193285,0
193286,0
193287,0
193288,0
193289,0
193290,0
193291,0
193292,0
193293,0
193294,0
193295,0
193296,0
193297,0
193298,0
193299,0
193300,0
193301,0
193302,0
193303,0
193304,0
193305,1
193306,1
193307,1
193308,1
193309,1
193310,1
193311,1
193312,0
193313,0
193314,0
193315,4
193316,0
193317,0
193318,2
193319,0
193320,0
193321,1
193322,1
193323,1
193324,1
193325,1
193326,0
193327,0
193328,0
193329,0
193330,0
193331,1
193332,1
193333,1
193334,0
193335,0
193336,0
193337,0
193338,0
193339,0
193340,0
193341,0
193342,0
193343,0
193344,0
193345,0
193346,0
193347,0
193348,0
193349,0
193350,0
193351,0
193352,0
193353,0
193354,0
193355,0
193356,1
193357,1
193358,0
193359,1
193360,1
193361,1
193362,1
193363,0
193364,0
193365,0
193366,0
193367,0
193368,0
193369,0
193370,0
193371,0
193372,0
193373,0
193374,0
193375,0
193376,0
193377,0
193378,0
193379,0
193380,0
193381,0
193382,0
193383,0
193384,0
193385,2
193386,2
193387,0
193388,0
193389,0
193390,0
193391,0
193392,0
193393,0
193394,0
193395,0
193396,0
193397,0
193398,0
193399,0
193400,0
193401,0
193402,0
193403,0
193404,0
193405,0
193406,0
193407,0
193408,0
193409,0
193410,0
193411,0
193412,0
193413,0
193414,0
193415,0
193416,0
193417,0
193418,0
193419,0
193420,0
193421,2
193422,2
193423,2
193424,0
193425,0
193426,0
193427,2
193428,0
193429,0
193430,0
193431,0
193432,0
193433,0
193434,0
193435,1
193436,0
193437,0
193438,0
193439,0
193440,0
193441,2
193442,2
193443,2
193444,2
193445,0
193446,0
193447,2
193448,2
193449,1
193450,0
193451,0
193452,0
193453,0
193454,0
193455,0
193456,0
193457,0
193458,0
193459,0
193460,2
193461,0
193462,0
193463,0
193464,0
193465,0
193466,0
193467,1
193468,1
193469,1
193470,1
193471,1
193472,0
193473,0
193474,0
193475,0
193476,0
193477,0
193478,0
193479,0
193480,0
193481,0
193482,0
193483,0
193484,0
193485,1
193486,1
193487,1
193488,1
193489,1
193490,1
193491,0
193492,0
193493,0
193494,0
193495,0
193496,0
193497,0
193498,0
193499,0
193500,0
193501,0
193502,0
193503,0
193504,0
193505,0
193506,0
193507,0
193508,1
193509,1
193510,1
193511,1
193512,1
193513,1
193514,1
193515,0
193516,1
193517,1
193518,0
193519,0
193520,0
193521,0
193522,0
193523,0
193524,0
193525,0
193526,0
193527,0
193528,0
193529,0
193530,0
193531,0
193532,0
193533,0
193534,0
193535,0
193536,1
193537,1
193538,0
193539,0
193540,0
193541,0
193542,0
193543,0
193544,0
193545,0
193546,0
193547,0
193548,0
193549,0
193550,0
193551,0
193552,0
193553,0
193554,0
193555,1
193556,0
193557,0
193558,0
193559,0
193560,0
193561,0
193562,1
193563,0
193564,0
193565,0
193566,2
193567,2
193568,0
193569,0
193570,0
193571,0
193572,0
193573,0
193574,2
193575,0
193576,0
193577,0
193578,0
193579,0
193580,0
193581,2
193582,0
193583,0
193584,2
193585,2
193586,0
193587,1
193588,1
193589,1
193590,1
193591,1
193592,0
193593,2
193594,2
193595,2
193596,2
193597,2
193598,0
193599,0
193600,0
193601,0
193602,0
193603,0
193604,0
193605,2
193606,2
193607,1
193608,0
193609,2
193610,2
193611,2
193612,0
193613,1
193614,1
193615,0
193616,1
193617,0
193618,0
193619,0
193620,4
193621,4
193622,4
193623,0
193624,0
193625,0
193626,0
193627,2
193628,2
193629,4
193630,2
193631,4
193632,4
193633,0
193634,2
193635,0
193636,0
193637,2
193638,0
193639,0
193640,0
193641,4
193642,2
193643,2
193644,0
193645,0
193646,0
193647,0
193648,0
193649,0
193650,0
193651,0
193652,0
193653,2
193654,2
193655,0
193656,0
193657,0
193658,0
193659,0
193660,0
193661,0
193662,0
193663,0
193664,0
193665,0
193666,2
193667,0
193668,0
193669,0
193670,2
193671,0
193672,0
193673,0
193674,0
193675,0
193676,0
193677,4
193678,2
193679,2
193680,0
193681,2
193682,2
193683,0
193684,0
193685,0
193686,0
193687,0
193688,0
193689,0
193690,0
193691,0
193692,0
193693,0
193694,0
193695,0
193696,2
193697,0
193698,0
193699,1
193700,0
193701,1
193702,1
193703,1
193704,1
193705,1
193706,1
193707,0
193708,0
193709,0
193710,0
193711,0
193712,0
193713,0
193714,0
193715,0
193716,0
193717,0
193718,0
193719,0
193720,1
193721,0
193722,0
193723,0
193724,0
193725,0
193726,0
193727,1
193728,1
193729,0
193730,0
193731,0
193732,0
193733,0
193734,0
193735,0
193736,1
193737,1
193738,0
193739,0
193740,0
193741,0
193742,0
193743,0
193744,0
193745,0
193746,0
193747,0
193748,0
193749,0
193750,0
193751,0
193752,0
193753,0
193754,0
193755,0
193756,0
193757,0
193758,0
193759,0
193760,0
193761,0
193762,0
193763,0
193764,0
193765,0
193766,0
193767,0
193768,0
193769,0
193770,0
193771,0
193772,0
193773,0
193774,0
193775,2
193776,0
193777,2
193778,0
193779,0
193780,0
193781,0
193782,0
193783,0
193784,0
193785,0
193786,0
193787,0
193788,1
193789,1
193790,0
193791,1
193792,0
193793,1
193794,0
193795,0
193796,0
193797,0
193798,0
193799,0
193800,1
193801,0
193802,0
193803,0
193804,0
193805,0
193806,0
193807,0
193808,0
193809,0
193810,0
193811,0
193812,0
193813,0
193814,0
193815,0
193816,1
193817,1
193818,1
193819,0
193820,1
193821,0
193822,2
193823,0
193824,1
193825,0
193826,0
193827,0
193828,0
193829,0
193830,0
193831,0
193832,2
193833,0
193834,0
193835,0
193836,0
193837,0
193838,0
193839,0
193840,0
193841,0
193842,0
193843,0
193844,2
193845,2
193846,0
193847,0
193848,2
193849,0
193850,2
193851,0
193852,0
193853,0
193854,2
193855,0
193856,0
193857,3
193858,3
193859,3
193860,1
193861,3
193862,3
193863,0
193864,0
193865,0
193866,0
193867,0
193868,2
193869,2
193870,1
193871,1
193872,1
193873,1
193874,0
193875,0
193876,0
193877,0
193878,0
193879,0
193880,0
193881,0
193882,4
193883,0
193884,0
193885,0
193886,0
193887,2
193888,2
193889,2
193890,0
193891,2
193892,1
193893,0
193894,0
193895,0
193896,0
193897,0
193898,2
193899,2
193900,2
193901,0
193902,0
193903,0
193904,0
193905,2
193906,2
193907,2
193908,2
193909,2
193910,0
193911,0
193912,0
193913,0
193914,0
193915,0
193916,0
193917,0
193918,0
193919,0
193920,0
193921,0
193922,0
193923,0
193924,1
193925,1
193926,0
193927,0
193928,0
193929,0
193930,0
193931,1
193932,1
193933,0
193934,0
193935,0
193936,0
193937,0
193938,0
193939,0
193940,0
193941,0
193942,0
193943,0
193944,1
193945,1
193946,1
193947,1
193948,0
193949,0
193950,1
193951,1
193952,0
193953,0
193954,0
193955,0
193956,0
193957,0
193958,0
193959,0
193960,0
193961,0
193962,0
193963,0
193964,0
193965,0
193966,0
193967,0
193968,0
193969,0
193970,0
193971,0
193972,0
193973,0
193974,0
193975,0
193976,0
193977,0
193978,0
193979,0
193980,0
193981,0
193982,0
193983,0
193984,0
193985,0
193986,2
193987,2
193988,2
193989,1
193990,0
193991,2
193992,0
193993,0
193994,0
193995,0
193996,0
193997,0
193998,0
193999,0
194000,0
194001,0
194002,0
194003,0
194004,0
194005,0
194006,0
194007,0
194008,0
194009,0
194010,0
194011,0
194012,0
194013,0
194014,0
194015,0
194016,0
194017,0
194018,0
194019,1
194020,0
194021,1
194022,1
194023,1
194024,0
194025,0
194026,0
194027,0
194028,1
194029,1
194030,2
194031,2
194032,2
194033,0
194034,0
194035,0
194036,0
194037,0
194038,0
194039,0
194040,0
194041,0
194042,0
194043,0
194044,0
194045,0
194046,0
194047,0
194048,0
194049,0
194050,0
194051,0
194052,0
194053,0
194054,0
194055,0
194056,0
194057,0
194058,0
194059,0
194060,0
194061,0
194062,0
194063,1
194064,1
194065,1
194066,1
194067,1
194068,1
194069,0
194070,0
194071,1
194072,0
194073,0
194074,0
194075,1
194076,1
194077,0
194078,1
194079,0
194080,1
194081,1
194082,0
194083,0
194084,0
194085,0
194086,2
194087,2
194088,2
194089,0
194090,0
194091,0
194092,2
194093,0
194094,0
194095,0
194096,0
194097,0
194098,0
194099,0
194100,1
194101,1
194102,1
194103,1
194104,0
194105,0
194106,0
194107,0
194108,0
194109,0
194110,0
194111,0
194112,0
194113,0
194114,0
194115,1
194116,1
194117,1
194118,2
194119,0
194120,2
194121,2
194122,0
194123,0
194124,0
194125,0
194126,0
194127,0
194128,2
194129,0
194130,0
194131,0
194132,0
194133,3
194134,3
194135,3
194136,3
194137,3
194138,0
194139,0
194140,3
194141,0
194142,0
194143,0
194144,0
194145,0
194146,0
194147,1
194148,1
194149,0
194150,0
194151,0
194152,0
194153,1
194154,1
194155,1
194156,1
194157,1
194158,0
194159,0
194160,0
194161,0
194162,0
194163,0
194164,0
194165,0
194166,0
194167,0
194168,0
194169,0
194170,0
194171,0
194172,0
194173,0
194174,0
194175,1
194176,1
194177,1
194178,1
194179,0
194180,0
194181,0
194182,0
194183,0
194184,0
194185,0
194186,0
194187,0
194188,0
194189,0
194190,0
194191,0
194192,0
194193,0
194194,0
194195,0
194196,0
194197,0
194198,0
194199,0
194200,0
194201,0
194202,0
194203,0
194204,0
194205,0
194206,0
194207,0
194208,0
194209,1
194210,0
194211,0
194212,0
194213,0
194214,0
194215,0
194216,0
194217,0
194218,0
194219,0
194220,0
194221,0
194222,0
194223,0
194224,0
194225,0
194226,0
194227,0
194228,0
194229,1
194230,0
194231,0
194232,0
194233,0
194234,0
194235,0
194236,1
194237,1
194238,1
194239,1
194240,1
194241,1
194242,1
194243,1
194244,1
194245,1
194246,1
194247,3
194248,3
194249,0
194250,0
194251,0
194252,0
194253,3
194254,1
194255,1
194256,1
194257,1
194258,0
194259,1
194260,1
194261,1
194262,1
194263,0
194264,1
194265,0
194266,0
194267,0
194268,1
194269,1
194270,1
194271,1
194272,0
194273,0
194274,0
194275,0
194276,0
194277,1
194278,1
194279,0
194280,0
194281,2
194282,2
194283,0
194284,0
194285,0
194286,0
194287,0
194288,0
194289,0
194290,2
194291,0
194292,0
194293,0
194294,0
194295,0
194296,0
194297,0
194298,0
194299,0
194300,0
194301,0
194302,0
194303,0
194304,1
194305,1
194306,0
194307,0
194308,0
194309,0
194310,0
194311,1
194312,0
194313,0
194314,0
194315,0
194316,0
194317,0
194318,0
194319,0
194320,0
194321,0
194322,0
194323,0
194324,0
194325,0
194326,0
194327,0
194328,0
194329,0
194330,0
194331,0
194332,0
194333,0
194334,0
194335,0
194336,0
194337,0
194338,0
194339,0
194340,2
194341,0
194342,0
194343,0
194344,0
194345,0
194346,1
194347,1
194348,0
194349,0
194350,0
194351,1
194352,1
194353,0
194354,0
194355,0
194356,0
194357,0
194358,1
194359,0
194360,0
194361,0
194362,0
194363,0
194364,0
194365,0
194366,0
194367,0
194368,0
194369,0
194370,0
194371,0
194372,0
194373,0
194374,0
194375,0
194376,0
194377,0
194378,0
194379,0
194380,1
194381,1
194382,1
194383,1
194384,0
194385,0
194386,1
194387,1
194388,0
194389,0
194390,1
194391,0
194392,0
194393,4
194394,0
194395,0
194396,0
194397,0
194398,0
194399,0
194400,4
194401,2
194402,2
194403,2
194404,2
194405,0
194406,2
194407,2
194408,2
194409,2
194410,0
194411,0
194412,0
194413,0
194414,2
194415,2
194416,2
194417,2
194418,2
194419,2
194420,0
194421,0
194422,0
194423,0
194424,0
194425,0
194426,0
194427,2
194428,2
194429,0
194430,1
194431,1
194432,1
194433,0
194434,0
194435,0
194436,0
194437,0
194438,0
194439,0
194440,0
194441,0
194442,0
194443,0
194444,0
194445,0
194446,2
194447,2
194448,2
194449,0
194450,0
194451,1
194452,1
194453,1
194454,0
194455,0
194456,0
194457,0
194458,0
194459,1
194460,0
194461,2
194462,0
194463,0
194464,0
194465,2
194466,0
194467,1
194468,2
194469,0
194470,0
194471,0
194472,0
194473,0
194474,0
194475,0
194476,0
194477,0
194478,0
194479,0
194480,0
194481,0
194482,1
194483,0
194484,0
194485,0
194486,0
194487,0
194488,1
194489,0
194490,0
194491,0
194492,0
194493,0
194494,1
194495,1
194496,1
194497,0
194498,0
194499,0
194500,1
194501,1
194502,0
194503,0
194504,0
194505,0
194506,1
194507,1
194508,1
194509,1
194510,1
194511,1
194512,1
194513,1
194514,0
194515,0
194516,0
194517,0
194518,1
194519,0
194520,0
194521,1
194522,1
194523,1
194524,1
194525,1
194526,1
194527,1
194528,1
194529,1
194530,1
194531,1
194532,1
194533,3
194534,0
194535,0
194536,0
194537,0
194538,0
194539,0
194540,0
194541,0
194542,0
194543,0
194544,0
194545,0
194546,0
194547,0
194548,0
194549,0
194550,0
194551,0
194552,0
194553,0
194554,0
194555,0
194556,0
194557,0
194558,0
194559,0
194560,0
194561,0
194562,0
194563,0
194564,0
194565,0
194566,0
194567,0
194568,0
194569,0
194570,0
194571,0
194572,0
194573,0
194574,0
194575,0
194576,1
194577,1
194578,1
194579,1
194580,1
194581,1
194582,1
194583,0
194584,0
194585,0
194586,0
194587,1
194588,1
194589,1
194590,1
194591,1
194592,1
194593,1
194594,0
194595,1
194596,1
194597,0
194598,0
194599,0
194600,0
194601,0
194602,0
194603,0
194604,1
194605,1
194606,0
194607,0
194608,0
194609,0
194610,0
194611,0
194612,0
194613,0
194614,1
194615,0
194616,0
194617,0
194618,0
194619,0
194620,0
194621,0
194622,0
194623,0
194624,0
194625,0
194626,0
194627,0
194628,0
194629,0
194630,0
194631,2
194632,0
194633,0
194634,0
194635,0
194636,0
194637,0
194638,0
194639,0
194640,1
194641,0
194642,0
194643,0
194644,0
194645,0
194646,0
194647,0
194648,0
194649,0
194650,0
194651,0
194652,0
194653,0
194654,0
194655,0
194656,0
194657,0
194658,0
194659,0
194660,0
194661,0
194662,0
194663,0
194664,0
194665,0
194666,0
194667,1
194668,1
194669,1
194670,1
194671,0
194672,0
194673,2
194674,0
194675,0
194676,0
194677,0
194678,0
194679,0
194680,0
194681,0
194682,0
194683,0
194684,0
194685,0
194686,2
194687,2
194688,1
194689,1
194690,1
194691,0
194692,0
194693,0
194694,0
194695,0
194696,0
194697,0
194698,1
194699,0
194700,0
194701,0
194702,0
194703,0
194704,0
194705,0
194706,0
194707,0
194708,0
194709,0
194710,0
194711,0
194712,0
194713,0
194714,0
194715,0
194716,0
194717,0
194718,0
194719,0
194720,0
194721,0
194722,0
194723,0
194724,0
194725,2
194726,2
194727,0
194728,0
194729,0
194730,0
194731,2
194732,1
194733,1
194734,0
194735,1
194736,2
194737,2
194738,0
194739,0
194740,0
194741,0
194742,0
194743,2
194744,0
194745,0
194746,0
194747,1
194748,1
194749,0
194750,0
194751,0
194752,0
194753,2
194754,0
194755,0
194756,2
194757,4
194758,2
194759,2
194760,0
194761,2
194762,0
194763,0
194764,0
194765,0
194766,0
194767,0
194768,0
194769,0
194770,0
194771,0
194772,0
194773,0
194774,0
194775,0
194776,0
194777,4
194778,2
194779,4
194780,4
194781,4
194782,2
194783,2
194784,2
194785,2
194786,0
194787,0
194788,0
194789,0
194790,0
194791,0
194792,0
194793,0
194794,0
194795,0
194796,0
194797,0
194798,0
194799,2
194800,2
194801,2
194802,0
194803,0
194804,0
194805,0
194806,0
194807,0
194808,0
194809,0
194810,0
194811,0
194812,0
194813,0
194814,0
194815,0
194816,0
194817,0
194818,0
194819,0
194820,0
194821,0
194822,0
194823,0
194824,0
194825,1
194826,1
194827,1
194828,1
194829,1
194830,1
194831,1
194832,1
194833,1
194834,1
194835,0
194836,0
194837,1
194838,1
194839,0
194840,0
194841,2
194842,0
194843,0
194844,0
194845,0
194846,0
194847,0
194848,0
194849,0
194850,0
194851,0
194852,0
194853,0
194854,0
194855,0
194856,0
194857,2
194858,2
194859,0
194860,0
194861,0
194862,0
194863,0
194864,0
194865,0
194866,0
194867,0
194868,0
194869,0
194870,0
194871,0
194872,0
194873,0
194874,2
194875,0
194876,0
194877,0
194878,0
194879,0
194880,0
194881,0
194882,0
194883,1
194884,0
194885,0
194886,0
194887,0
194888,0
194889,1
194890,1
194891,1
194892,1
194893,1
194894,0
194895,0
194896,0
194897,0
194898,0
194899,0
194900,0
194901,1
194902,0
194903,0
194904,0
194905,0
194906,0
194907,2
194908,0
194909,2
194910,2
194911,0
194912,2
194913,2
194914,2
194915,2
194916,2
194917,2
194918,0
194919,0
194920,0
194921,0
194922,0
194923,0
194924,0
194925,0
194926,0
194927,1
194928,1
194929,1
194930,1
194931,1
194932,2
194933,0
194934,0
194935,0
194936,0
194937,1
194938,1
194939,1
194940,1
194941,1
194942,0
194943,0
194944,0
194945,0
194946,0
194947,0
194948,0
194949,0
194950,0
194951,0
194952,0
194953,0
194954,0
194955,0
194956,0
194957,0
194958,0
194959,0
194960,0
194961,0
194962,0
194963,0
194964,0
194965,0
194966,0
194967,0
194968,0
194969,0
194970,0
194971,0
194972,0
194973,0
194974,0
194975,0
194976,0
194977,0
194978,0
194979,0
194980,0
194981,0
194982,2
194983,2
194984,2
194985,2
194986,0
194987,0
194988,0
194989,0
194990,0
194991,0
194992,2
194993,0
194994,0
194995,1
194996,1
194997,0
194998,1
194999,0
195000,0
195001,0
195002,0
195003,0
195004,0
195005,0
195006,0
195007,1
195008,0
195009,0
195010,0
195011,0
195012,0
195013,0
195014,0
195015,0
195016,0
195017,0
195018,0
195019,1
195020,1
195021,1
195022,1
195023,0
195024,0
195025,0
195026,0
195027,1
195028,0
195029,2
195030,0
195031,0
195032,2
195033,1
195034,2
195035,2
195036,2
195037,0
195038,0
195039,0
195040,0
195041,0
195042,0
195043,0
195044,0
195045,0
195046,0
195047,0
195048,0
195049,0
195050,0
195051,0
195052,0
195053,0
195054,2
195055,0
195056,1
195057,0
195058,0
195059,1
195060,0
195061,0
195062,0
195063,0
195064,0
195065,0
195066,0
195067,0
195068,0
195069,0
195070,0
195071,0
195072,0
195073,0
195074,0
195075,0
195076,0
195077,0
195078,0
195079,0
195080,0
195081,2
195082,2
195083,2
195084,2
195085,2
195086,0
195087,0
195088,2
195089,2
195090,2
195091,2
195092,2
195093,2
195094,2
195095,2
195096,0
195097,0
195098,0
195099,0
195100,0
195101,0
195102,0
195103,0
195104,3
195105,0
195106,0
195107,3
195108,3
195109,3
195110,4
195111,4
195112,2
195113,2
195114,2
195115,3
195116,0
195117,0
195118,0
195119,3
195120,3
195121,1
195122,1
195123,0
195124,0
195125,1
195126,0
195127,1
195128,1
195129,0
195130,1
195131,1
195132,1
195133,1
195134,1
195135,1
195136,2
195137,0
195138,0
195139,0
195140,0
195141,0
195142,0
195143,0
195144,2
195145,0
195146,0
195147,2
195148,0
195149,0
195150,0
195151,0
195152,0
195153,0
195154,1
195155,1
195156,0
195157,0
195158,0
195159,0
195160,1
195161,1
195162,0
195163,2
195164,2
195165,0
195166,1
195167,0
195168,0
195169,0
195170,0
195171,0
195172,2
195173,2
195174,0
195175,0
195176,1
195177,0
195178,0
195179,2
195180,2
195181,0
195182,0
195183,0
195184,0
195185,2
195186,0
195187,2
195188,2
195189,2
195190,1
195191,0
195192,0
195193,0
195194,0
195195,0
195196,0
195197,0
195198,0
195199,0
195200,0
195201,0
195202,0
195203,0
195204,0
195205,0
195206,0
195207,0
195208,0
195209,0
195210,0
195211,0
195212,0
195213,0
195214,0
195215,0
195216,0
195217,0
195218,0
195219,0
195220,0
195221,0
195222,0
195223,0
195224,0
195225,0
195226,0
195227,0
195228,0
195229,0
195230,0
195231,0
195232,0
195233,0
195234,0
195235,0
195236,0
195237,0
195238,0
195239,0
195240,0
195241,0
195242,0
195243,0
195244,0
195245,0
195246,0
195247,0
195248,0
195249,0
195250,0
195251,0
195252,0
195253,0
195254,0
195255,0
195256,0
195257,0
195258,0
195259,0
195260,0
195261,0
195262,0
195263,0
195264,0
195265,0
195266,0
195267,0
195268,0
195269,0
195270,0
195271,0
195272,0
195273,0
195274,2
195275,2
195276,0
195277,2
195278,2
195279,2
195280,2
195281,2
195282,2
195283,0
195284,0
195285,0
195286,0
195287,2
195288,2
195289,0
195290,0
195291,0
195292,0
195293,0
195294,0
195295,0
195296,0
195297,0
195298,0
195299,0
195300,0
195301,1
195302,1
195303,1
195304,1
195305,0
195306,1
195307,0
195308,0
195309,1
195310,0
195311,0
195312,0
195313,1
195314,1
195315,1
195316,0
195317,0
195318,0
195319,3
195320,1
195321,3
195322,0
195323,0
195324,3
195325,3
195326,3
195327,1
195328,1
195329,1
195330,0
195331,0
195332,0
195333,0
195334,1
195335,1
195336,1
195337,0
195338,0
195339,0
195340,0
195341,0
195342,0
195343,0
195344,0
195345,1
195346,1
195347,0
195348,0
195349,0
195350,2
195351,1
195352,1
195353,1
195354,1
195355,1
195356,1
195357,0
195358,0
195359,0
195360,0
195361,0
195362,0
195363,0
195364,0
195365,0
195366,0
195367,0
195368,0
195369,0
195370,0
195371,0
195372,0
195373,0
195374,0
195375,0
195376,0
195377,0
195378,0
195379,0
195380,0
195381,0
195382,0
195383,2
195384,2
195385,0
195386,0
195387,0
195388,0
195389,0
195390,0
195391,0
195392,0
195393,0
195394,0
195395,0
195396,0
195397,0
195398,0
195399,0
195400,0
195401,0
195402,0
195403,2
195404,0
195405,0
195406,0
195407,0
195408,0
195409,0
195410,2
195411,2
195412,0
195413,0
195414,0
195415,0
195416,0
195417,0
195418,0
195419,0
195420,1
195421,1
195422,1
195423,1
195424,1
195425,0
195426,1
195427,1
195428,1
195429,0
195430,0
195431,0
195432,1
195433,1
195434,1
195435,1
195436,1
195437,1
195438,0
195439,0
195440,2
195441,0
195442,0
195443,0
195444,0
195445,0
195446,0
195447,0
195448,0
195449,0
195450,0
195451,0
195452,0
195453,0
195454,0
195455,0
195456,0
195457,0
195458,0
195459,0
195460,0
195461,0
195462,1
195463,2
195464,0
195465,0
195466,0
195467,0
195468,1
195469,1
195470,1
195471,1
195472,1
195473,1
195474,1
195475,1
195476,0
195477,1
195478,0
195479,0
195480,1
195481,0
195482,0
195483,0
195484,0
195485,1
195486,1
195487,1
195488,0
195489,1
195490,1
195491,1
195492,1
195493,1
195494,0
195495,1
195496,1
195497,1
195498,1
195499,0
195500,0
195501,0
195502,0
195503,0
195504,2
195505,0
195506,2
195507,2
195508,0
195509,1
195510,1
195511,1
195512,0
195513,1
195514,2
195515,2
195516,1
195517,1
195518,1
195519,1
195520,1
195521,0
195522,1
195523,1
195524,0
195525,1
195526,1
195527,0
195528,1
195529,1
195530,1
195531,1
195532,1
195533,1
195534,1
195535,1
195536,1
195537,1
195538,0
195539,0
195540,0
195541,0
195542,4
195543,2
195544,2
195545,2
195546,2
195547,2
195548,0
195549,2
195550,2
195551,2
195552,2
195553,2
195554,2
195555,2
195556,0
195557,4
195558,0
195559,0
195560,0
195561,0
195562,2
195563,2
195564,2
195565,2
195566,2
195567,0
195568,2
195569,0
195570,2
195571,2
195572,1
195573,0
195574,1
195575,0
195576,0
195577,0
195578,0
195579,0
195580,0
195581,0
195582,0
195583,0
195584,0
195585,0
195586,0
195587,0
195588,1
195589,0
195590,1
195591,1
195592,0
195593,0
195594,0
195595,0
195596,0
195597,0
195598,0
195599,1
195600,1
195601,0
195602,1
195603,1
195604,1
195605,1
195606,0
195607,0
195608,0
195609,0
195610,0
195611,0
195612,0
195613,0
195614,0
195615,0
195616,0
195617,0
195618,0
195619,0
195620,0
195621,0
195622,0
195623,0
195624,0
195625,0
195626,0
195627,0
195628,0
195629,0
195630,0
195631,0
195632,0
195633,0
195634,0
195635,0
195636,0
195637,0
195638,0
195639,0
195640,0
195641,0
195642,0
195643,0
195644,0
195645,0
195646,0
195647,1
195648,2
195649,0
195650,0
195651,0
195652,0
195653,2
195654,2
195655,2
195656,0
195657,0
195658,0
195659,0
195660,0
195661,0
195662,0
195663,0
195664,0
195665,0
195666,0
195667,0
195668,0
195669,2
195670,0
195671,0
195672,0
195673,0
195674,0
195675,0
195676,0
195677,0
195678,0
195679,0
195680,0
195681,0
195682,0
195683,0
195684,0
195685,0
195686,0
195687,1
195688,1
195689,1
195690,1
195691,0
195692,0
195693,0
195694,2
195695,0
195696,0
195697,0
195698,0
195699,0
195700,0
195701,0
195702,0
195703,0
195704,2
195705,0
195706,0
195707,0
195708,0
195709,0
195710,0
195711,0
195712,0
195713,0
195714,0
195715,0
195716,0
195717,0
195718,2
195719,0
195720,0
195721,0
195722,0
195723,0
195724,0
195725,0
195726,0
195727,0
195728,0
195729,0
195730,0
195731,1
195732,1
195733,1
195734,1
195735,1
195736,1
195737,1
195738,1
195739,1
195740,1
195741,1
195742,1
195743,1
195744,0
195745,0
195746,0
195747,0
195748,0
195749,1
195750,1
195751,0
195752,1
195753,1
195754,1
195755,1
195756,1
195757,1
195758,1
195759,0
195760,0
195761,0
195762,0
195763,0
195764,0
195765,0
195766,0
195767,0
195768,0
195769,0
195770,0
195771,0
195772,0
195773,0
195774,0
195775,0
195776,0
195777,0
195778,0
195779,0
195780,0
195781,0
195782,0
195783,0
195784,0
195785,0
195786,0
195787,0
195788,0
195789,0
195790,0
195791,0
195792,0
195793,0
195794,0
195795,0
195796,0
195797,0
195798,0
195799,0
195800,0
195801,0
195802,0
195803,0
195804,0
195805,0
195806,0
195807,0
195808,1
195809,0
195810,0
195811,0
195812,0
195813,0
195814,0
195815,0
195816,0
195817,0
195818,0
195819,0
195820,0
195821,0
195822,1
195823,1
195824,1
195825,1
195826,1
195827,0
195828,0
195829,0
195830,0
195831,0
195832,0
195833,0
195834,0
195835,1
195836,0
195837,2
195838,2
195839,2
195840,2
195841,2
195842,2
195843,2
195844,2
195845,2
195846,0
195847,0
195848,0
195849,0
195850,0
195851,0
195852,0
195853,0
195854,0
195855,0
195856,0
195857,0
195858,0
195859,0
195860,0
195861,0
195862,0
195863,0
195864,3
195865,1
195866,1
195867,1
195868,1
195869,0
195870,0
195871,0
195872,0
195873,1
195874,1
195875,1
195876,1
195877,0
195878,0
195879,0
195880,0
195881,0
195882,0
195883,0
195884,0
195885,0
195886,0
195887,0
195888,0
195889,0
195890,0
195891,0
195892,0
195893,1
195894,0
195895,0
195896,2
195897,0
195898,0
195899,0
195900,0
195901,0
195902,0
195903,1
195904,0
195905,1
195906,0
195907,0
195908,0
195909,0
195910,0
195911,0
195912,0
195913,0
195914,0
195915,0
195916,0
195917,0
195918,0
195919,0
195920,1
195921,0
195922,0
195923,1
195924,0
195925,1
195926,1
195927,0
195928,0
195929,0
195930,0
195931,0
195932,1
195933,1
195934,1
195935,0
195936,0
195937,1
195938,1
195939,1
195940,0
195941,0
195942,1
195943,1
195944,0
195945,0
195946,0
195947,0
195948,0
195949,1
195950,1
195951,1
195952,1
195953,1
195954,0
195955,0
195956,0
195957,0
195958,0
195959,0
195960,0
195961,0
195962,0
195963,0
195964,0
195965,0
195966,0
195967,1
195968,1
195969,1
195970,1
195971,1
195972,0
195973,0
195974,0
195975,0
195976,0
195977,1
195978,1
195979,0
195980,0
195981,0
195982,0
195983,0
195984,0
195985,0
195986,0
195987,0
195988,0
195989,0
195990,0
195991,0
195992,0
195993,0
195994,0
195995,0
195996,0
195997,0
195998,0
195999,1
196000,1
196001,0
196002,0
196003,0
196004,0
196005,0
196006,0
196007,0
196008,0
196009,0
196010,0
196011,0
196012,0
196013,0
196014,0
196015,0
196016,0
196017,0
196018,1
196019,1
196020,1
196021,1
196022,1
196023,1
196024,1
196025,1
196026,1
196027,1
196028,0
196029,0
196030,2
196031,0
196032,0
196033,0
196034,0
196035,0
196036,0
196037,0
196038,0
196039,0
196040,0
196041,0
196042,0
196043,1
196044,1
196045,1
196046,0
196047,1
196048,1
196049,1
196050,1
196051,1
196052,1
196053,1
196054,0
196055,0
196056,0
196057,0
196058,0
196059,1
196060,0
196061,0
196062,0
196063,1
196064,1
196065,1
196066,1
196067,2
196068,0
196069,0
196070,2
196071,1
196072,3
196073,3
196074,1
196075,0
196076,1
196077,1
196078,1
196079,0
196080,0
196081,0
196082,1
196083,1
196084,0
196085,1
196086,1
196087,1
196088,0
196089,0
196090,1
196091,1
196092,1
196093,1
196094,0
196095,0
196096,0
196097,0
196098,0
196099,1
196100,0
196101,0
196102,0
196103,0
196104,0
196105,0
196106,0
196107,0
196108,1
196109,1
196110,0
196111,1
196112,0
196113,1
196114,0
196115,0
196116,0
196117,0
196118,0
196119,0
196120,0
196121,0
196122,0
196123,0
196124,0
196125,4
196126,0
196127,0
196128,0
196129,2
196130,0
196131,0
196132,2
196133,0
196134,0
196135,0
196136,0
196137,0
196138,0
196139,0
196140,0
196141,0
196142,0
196143,2
196144,1
196145,1
196146,1
196147,1
196148,0
196149,2
196150,2
196151,2
196152,0
196153,0
196154,0
196155,0
196156,0
196157,0
196158,0
196159,0
196160,0
196161,0
196162,1
196163,1
196164,1
196165,1
196166,1
196167,0
196168,0
196169,0
196170,0
196171,0
196172,0
196173,0
196174,0
196175,0
196176,0
196177,0
196178,0
196179,0
196180,0
196181,0
196182,0
196183,0
196184,0
196185,0
196186,0
196187,0
196188,0
196189,0
196190,0
196191,2
196192,0
196193,0
196194,0
196195,0
196196,0
196197,0
196198,0
196199,0
196200,0
196201,0
196202,0
196203,0
196204,0
196205,0
196206,2
196207,0
196208,0
196209,0
196210,0
196211,0
196212,0
196213,0
196214,0
196215,2
196216,2
196217,2
196218,2
196219,0
196220,0
196221,0
196222,0
196223,2
196224,0
196225,0
196226,0
196227,0
196228,2
196229,2
196230,2
196231,2
196232,0
196233,0
196234,0
196235,0
196236,0
196237,0
196238,0
196239,0
196240,0
196241,0
196242,1
196243,1
196244,0
196245,0
196246,0
196247,0
196248,0
196249,0
196250,2
196251,2
196252,2
196253,2
196254,2
196255,2
196256,2
196257,2
196258,2
196259,2
196260,0
196261,0
196262,0
196263,0
196264,0
196265,0
196266,0
196267,0
196268,0
196269,0
196270,2
196271,1
196272,2
196273,0
196274,0
196275,0
196276,0
196277,2
196278,0
196279,0
196280,0
196281,0
196282,0
196283,0
196284,0
196285,0
196286,2
196287,2
196288,0
196289,2
196290,2
196291,0
196292,0
196293,0
196294,0
196295,0
196296,0
196297,0
196298,0
196299,0
196300,0
196301,0
196302,0
196303,1
196304,1
196305,1
196306,1
196307,1
196308,0
196309,1
196310,0
196311,0
196312,0
196313,0
196314,0
196315,1
196316,1
196317,1
196318,1
196319,0
196320,0
196321,1
196322,1
196323,1
196324,1
196325,0
196326,1
196327,4
196328,2
196329,2
196330,0
196331,0
196332,2
196333,0
196334,0
196335,0
196336,0
196337,0
196338,0
196339,2
196340,0
196341,0
196342,0
196343,0
196344,0
196345,0
196346,0
196347,0
196348,0
196349,0
196350,0
196351,0
196352,0
196353,0
196354,0
196355,0
196356,0
196357,1
196358,0
196359,0
196360,1
196361,1
196362,0
196363,1
196364,0
196365,0
196366,1
196367,0
196368,0
196369,0
196370,0
196371,1
196372,0
196373,1
196374,1
196375,0
196376,0
196377,0
196378,0
196379,0
196380,0
196381,0
196382,0
196383,0
196384,0
196385,0
196386,0
196387,0
196388,0
196389,0
196390,0
196391,0
196392,0
196393,0
196394,0
196395,0
196396,0
196397,0
196398,0
196399,0
196400,0
196401,0
196402,2
196403,2
196404,2
196405,0
196406,0
196407,0
196408,0
196409,0
196410,0
196411,0
196412,0
196413,0
196414,1
196415,1
196416,0
196417,1
196418,0
196419,0
196420,0
196421,0
196422,0
196423,0
196424,0
196425,0
196426,0
196427,0
196428,0
196429,0
196430,0
196431,1
196432,0
196433,4
196434,0
196435,4
196436,2
196437,2
196438,0
196439,0
196440,0
196441,0
196442,0
196443,0
196444,0
196445,0
196446,0
196447,0
196448,0
196449,0
196450,0
196451,0
196452,4
196453,4
196454,2
196455,2
196456,0
196457,0
196458,0
196459,0
196460,0
196461,0
196462,0
196463,0
196464,0
196465,0
196466,0
196467,0
196468,2
196469,0
196470,0
196471,2
196472,0
196473,0
196474,0
196475,0
196476,0
196477,0
196478,2
196479,2
196480,2
196481,2
196482,1
196483,1
196484,1
196485,1
196486,0
196487,0
196488,0
196489,0
196490,0
196491,0
196492,0
196493,0
196494,0
196495,0
196496,0
196497,0
196498,0
196499,0
196500,0
196501,2
196502,2
196503,0
196504,0
196505,2
196506,2
196507,0
196508,0
196509,0
196510,0
196511,0
196512,0
196513,0
196514,0
196515,0
196516,0
196517,0
196518,1
196519,1
196520,1
196521,1
196522,1
196523,1
196524,1
196525,1
196526,0
196527,1
196528,0
196529,0
196530,0
196531,0
196532,1
196533,1
196534,0
196535,0
196536,1
196537,0
196538,1
196539,1
196540,0
196541,0
196542,0
196543,0
196544,0
196545,0
196546,0
196547,0
196548,0
196549,1
196550,1
196551,0
196552,0
196553,0
196554,0
196555,0
196556,4
196557,4
196558,2
196559,2
196560,2
196561,2
196562,2
196563,2
196564,2
196565,2
196566,0
196567,0
196568,0
196569,0
196570,0
196571,0
196572,0
196573,0
196574,0
196575,4
196576,2
196577,4
196578,2
196579,2
196580,2
196581,0
196582,0
196583,0
196584,0
196585,2
196586,2
196587,0
196588,0
196589,0
196590,0
196591,0
196592,0
196593,0
196594,0
196595,0
196596,0
196597,1
196598,1
196599,1
196600,1
196601,1
196602,1
196603,1
196604,1
196605,0
196606,0
196607,0
196608,0
196609,0
196610,0
196611,0
196612,1
196613,3
196614,0
196615,1
196616,1
196617,0
196618,1
196619,0
196620,0
196621,0
196622,0
196623,1
196624,2
196625,1
196626,0
196627,0
196628,0
196629,0
196630,0
196631,0
196632,0
196633,0
196634,0
196635,0
196636,1
196637,1
196638,0
196639,0
196640,0
196641,0
196642,0
196643,1
196644,1
196645,1
196646,1
196647,0
196648,0
196649,1
196650,1
196651,1
196652,1
196653,1
196654,1
196655,0
196656,0
196657,0
196658,0
196659,0
196660,1
196661,1
196662,0
196663,0
196664,1
196665,0
196666,0
196667,0
196668,0
196669,0
196670,1
196671,0
196672,0
196673,0
196674,0
196675,0
196676,0
196677,0
196678,0
196679,0
196680,0
196681,0
196682,0
196683,0
196684,0
196685,0
196686,0
196687,0
196688,0
196689,0
196690,0
196691,0
196692,0
196693,0
196694,0
196695,0
196696,0
196697,0
196698,0
196699,0
196700,0
196701,0
196702,0
196703,2
196704,2
196705,1
196706,1
196707,1
196708,1
196709,1
196710,0
196711,0
196712,0
196713,0
196714,0
196715,0
196716,0
196717,0
196718,0
196719,0
196720,0
196721,0
196722,0
196723,0
196724,0
196725,0
196726,0
196727,0
196728,0
196729,0
196730,0
196731,0
196732,0
196733,0
196734,0
196735,0
196736,0
196737,0
196738,0
196739,2
196740,0
196741,2
196742,0
196743,0
196744,0
196745,0
196746,0
196747,0
196748,0
196749,0
196750,0
196751,0
196752,0
196753,2
196754,0
196755,0
196756,0
196757,0
196758,0
196759,0
196760,0
196761,0
196762,0
196763,0
196764,0
196765,1
196766,0
196767,0
196768,0
196769,0
196770,0
196771,0
196772,0
196773,0
196774,0
196775,1
196776,1
196777,0
196778,1
196779,1
196780,1
196781,1
196782,1
196783,0
196784,3
196785,3
196786,0
196787,1
196788,1
196789,1
196790,0
196791,0
196792,0
196793,2
196794,2
196795,2
196796,0
196797,0
196798,0
196799,0
196800,0
196801,0
196802,0
196803,0
196804,0
196805,0
196806,2
196807,2
196808,2
196809,2
196810,2
196811,0
196812,0
196813,0
196814,0
196815,0
196816,0
196817,0
196818,0
196819,0
196820,0
196821,0
196822,0
196823,0
196824,0
196825,0
196826,0
196827,0
196828,1
196829,1
196830,1
196831,1
196832,1
196833,0
196834,0
196835,1
196836,0
196837,0
196838,0
196839,0
196840,0
196841,0
196842,0
196843,0
196844,0
196845,0
196846,0
196847,0
196848,0
196849,0
196850,0
196851,0
196852,0
196853,0
196854,2
196855,2
196856,2
196857,1
196858,0
196859,0
196860,2
196861,2
196862,0
196863,2
196864,0
196865,0
196866,0
196867,0
196868,0
196869,0
196870,0
196871,0
196872,2
196873,2
196874,0
196875,0
196876,0
196877,0
196878,1
196879,1
196880,0
196881,0
196882,1
196883,1
196884,1
196885,1
196886,1
196887,1
196888,0
196889,0
196890,0
196891,0
196892,0
196893,0
196894,1
196895,1
196896,1
196897,1
196898,1
196899,1
196900,1
196901,0
196902,0
196903,0
196904,0
196905,0
196906,1
196907,1
196908,3
196909,0
196910,1
196911,0
196912,0
196913,0
196914,0
196915,1
196916,1
196917,0
196918,0
196919,0
196920,0
196921,1
196922,1
196923,1
196924,0
196925,0
196926,1
196927,1
196928,1
196929,2
196930,1
196931,1
196932,0
196933,0
196934,0
196935,0
196936,2
196937,2
196938,0
196939,0
196940,0
196941,0
196942,0
196943,0
196944,0
196945,0
196946,0
196947,4
196948,2
196949,2
196950,4
196951,4
196952,4
196953,1
196954,0
196955,2
196956,0
196957,4
196958,0
196959,0
196960,0
196961,0
196962,0
196963,2
196964,0
196965,2
196966,2
196967,0
196968,0
196969,0
196970,0
196971,2
196972,0
196973,0
196974,0
196975,0
196976,0
196977,0
196978,0
196979,0
196980,0
196981,0
196982,0
196983,0
196984,0
196985,0
196986,1
196987,1
196988,0
196989,1
196990,0
196991,1
196992,1
196993,0
196994,2
196995,2
196996,2
196997,2
196998,0
196999,2
197000,2
197001,2
197002,2
197003,0
197004,0
197005,0
197006,0
197007,0
197008,0
197009,0
197010,0
197011,0
197012,0
197013,0
197014,1
197015,1
197016,1
197017,0
197018,0
197019,0
197020,0
197021,0
197022,0
197023,1
197024,1
197025,0
197026,0
197027,0
197028,0
197029,0
197030,0
197031,0
197032,0
197033,0
197034,0
197035,0
197036,0
197037,0
197038,0
197039,0
197040,0
197041,0
197042,0
197043,0
197044,0
197045,0
197046,0
197047,0
197048,1
197049,0
197050,0
197051,0
197052,1
197053,0
197054,0
197055,0
197056,0
197057,0
197058,0
197059,0
197060,0
197061,0
197062,0
197063,0
197064,0
197065,0
197066,0
197067,0
197068,2
197069,0
197070,0
197071,2
197072,2
197073,2
197074,2
197075,0
197076,0
197077,0
197078,2
197079,2
197080,3
197081,1
197082,0
197083,0
197084,0
197085,1
197086,1
197087,0
197088,1
197089,0
197090,0
197091,0
197092,0
197093,3
197094,1
197095,1
197096,1
197097,3
197098,3
197099,1
197100,0
197101,0
197102,1
197103,1
197104,1
197105,1
197106,1
197107,0
197108,0
197109,0
197110,0
197111,0
197112,0
197113,0
197114,0
197115,0
197116,0
197117,0
197118,0
197119,0
197120,0
197121,0
197122,0
197123,1
197124,1
197125,0
197126,0
197127,0
197128,0
197129,0
197130,0
197131,0
197132,0
197133,0
197134,0
197135,0
197136,0
197137,0
197138,0
197139,0
197140,0
197141,0
197142,0
197143,0
197144,0
197145,1
197146,1
197147,3
197148,1
197149,1
197150,3
197151,3
197152,2
197153,2
197154,2
197155,2
197156,2
197157,0
197158,0
197159,0
197160,0
197161,0
197162,0
197163,0
197164,0
197165,0
197166,0
197167,0
197168,0
197169,0
197170,0
197171,0
197172,0
197173,0
197174,0
197175,0
197176,1
197177,1
197178,0
197179,0
197180,0
197181,0
197182,0
197183,0
197184,0
197185,0
197186,0
197187,0
197188,0
197189,0
197190,0
197191,0
197192,0
197193,0
197194,0
197195,0
197196,0
197197,0
197198,0
197199,0
197200,1
197201,0
197202,0
197203,0
197204,0
197205,0
197206,0
197207,0
197208,0
197209,0
197210,0
197211,0
197212,0
197213,0
197214,0
197215,0
197216,0
197217,0
197218,0
197219,2
197220,2
197221,2
197222,2
197223,2
197224,2
197225,0
197226,0
197227,0
197228,1
197229,0
197230,0
197231,0
197232,0
197233,0
197234,0
197235,0
197236,0
197237,0
197238,0
197239,0
197240,0
197241,1
197242,1
197243,0
197244,1
197245,1
197246,0
197247,2
197248,2
197249,2
197250,2
197251,1
197252,1
197253,0
197254,1
197255,1
197256,0
197257,0
197258,0
197259,0
197260,0
197261,0
197262,0
197263,0
197264,0
197265,0
197266,0
197267,0
197268,0
197269,0
197270,0
197271,0
197272,0
197273,0
197274,0
197275,0
197276,0
197277,0
197278,0
197279,0
197280,0
197281,0
197282,0
197283,0
197284,0
197285,0
197286,0
197287,1
197288,1
197289,1
197290,0
197291,0
197292,2
197293,0
197294,0
197295,0
197296,0
197297,2
197298,2
197299,2
197300,2
197301,0
197302,0
197303,0
197304,0
197305,0
197306,0
197307,3
197308,3
197309,3
197310,0
197311,0
197312,0
197313,0
197314,0
197315,0
197316,0
197317,0
197318,3
197319,3
197320,3
197321,1
197322,0
197323,0
197324,0
197325,0
197326,0
197327,0
197328,0
197329,0
197330,0
197331,0
197332,0
197333,3
197334,3
197335,3
197336,1
197337,1
197338,1
197339,0
197340,0
197341,0
197342,0
197343,2
197344,2
197345,2
197346,2
197347,2
197348,0
197349,0
197350,0
197351,0
197352,2
197353,2
197354,2
197355,0
197356,0
197357,0
197358,2
197359,2
197360,2
197361,2
197362,0
197363,2
197364,0
197365,0
197366,0
197367,2
197368,2
197369,2
197370,0
197371,1
197372,0
197373,0
197374,0
197375,0
197376,0
197377,0
197378,0
197379,0
197380,0
197381,0
197382,0
197383,0
197384,2
197385,2
197386,2
197387,0
197388,0
197389,0
197390,0
197391,0
197392,0
197393,0
197394,0
197395,0
197396,0
197397,0
197398,0
197399,0
197400,0
197401,0
197402,0
197403,1
197404,0
197405,0
197406,0
197407,0
197408,0
197409,0
197410,0
197411,0
197412,0
197413,0
197414,0
197415,0
197416,0
197417,0
197418,0
197419,0
197420,0
197421,0
197422,1
197423,1
197424,0
197425,0
197426,0
197427,1
197428,1
197429,1
197430,0
197431,0
197432,0
197433,0
197434,0
197435,0
197436,0
197437,0
197438,0
197439,0
197440,0
197441,0
197442,0
197443,0
197444,0
197445,0
197446,0
197447,1
197448,0
197449,1
197450,1
197451,1
197452,2
197453,1
197454,1
197455,0
197456,0
197457,0
197458,0
197459,1
197460,0
197461,1
197462,1
197463,0
197464,0
197465,0
197466,2
197467,0
197468,0
197469,0
197470,0
197471,0
197472,0
197473,1
197474,0
197475,1
197476,1
197477,0
197478,0
197479,0
197480,0
197481,0
197482,0
197483,0
197484,0
197485,0
197486,0
197487,0
197488,0
197489,0
197490,0
197491,0
197492,0
197493,0
197494,0
197495,0
197496,0
197497,0
197498,0
197499,0
197500,0
197501,0
197502,0
197503,0
197504,0
197505,0
197506,0
197507,0
197508,0
197509,0
197510,0
197511,0
197512,0
197513,2
197514,2
197515,2
197516,2
197517,2
197518,0
197519,0
197520,0
197521,0
197522,0
197523,2
197524,2
197525,2
197526,2
197527,0
197528,0
197529,0
197530,0
197531,1
197532,1
197533,0
197534,0
197535,0
197536,0
197537,0
197538,0
197539,0
197540,0
197541,1
197542,1
197543,0
197544,1
197545,1
197546,1
197547,0
197548,1
197549,1
197550,0
197551,0
197552,0
197553,0
197554,0
197555,0
197556,0
197557,0
197558,0
197559,0
197560,0
197561,0
197562,1
197563,1
197564,1
197565,1
197566,1
197567,1
197568,0
197569,1
197570,1
197571,2
197572,0
197573,0
197574,0
197575,2
197576,2
197577,0
197578,2
197579,0
197580,0
197581,0
197582,0
197583,0
197584,0
197585,0
197586,0
197587,0
197588,0
197589,0
197590,0
197591,0
197592,0
197593,0
197594,0
197595,0
197596,0
197597,0
197598,0
197599,0
197600,2
197601,2
197602,0
197603,0
197604,0
197605,0
197606,0
197607,0
197608,0
197609,0
197610,0
197611,0
197612,0
197613,0
197614,0
197615,2
197616,2
197617,2
197618,0
197619,2
197620,0
197621,1
197622,0
197623,0
197624,0
197625,0
197626,0
197627,0
197628,0
197629,0
197630,0
197631,0
197632,0
197633,0
197634,0
197635,0
197636,0
197637,0
197638,0
197639,0
197640,0
197641,0
197642,0
197643,0
197644,0
197645,0
197646,0
197647,0
197648,0
197649,0
197650,2
197651,0
197652,0
197653,0
197654,0
197655,0
197656,0
197657,0
197658,0
197659,0
197660,0
197661,0
197662,0
197663,0
197664,0
197665,0
197666,1
197667,1
197668,0
197669,0
197670,0
197671,0
197672,0
197673,0
197674,0
197675,0
197676,0
197677,0
197678,0
197679,0
197680,0
197681,0
197682,0
197683,0
197684,0
197685,0
197686,0
197687,0
197688,0
197689,0
197690,0
197691,0
197692,0
197693,0
197694,0
197695,0
197696,0
197697,0
197698,0
197699,0
197700,0
197701,0
197702,0
197703,0
197704,0
197705,0
197706,0
197707,1
197708,1
197709,1
197710,0
197711,0
197712,0
197713,0
197714,0
197715,0
197716,0
197717,0
197718,0
197719,0
197720,0
197721,2
197722,0
197723,0
197724,0
197725,0
197726,0
197727,0
197728,0
197729,0
197730,0
197731,0
197732,0
197733,0
197734,0
197735,2
197736,2
197737,0
197738,0
197739,2
197740,2
197741,2
197742,2
197743,2
197744,0
197745,0
197746,0
197747,0
197748,0
197749,0
197750,0
197751,1
197752,1
197753,0
197754,0
197755,1
197756,0
197757,0
197758,0
197759,1
197760,3
197761,1
197762,1
197763,3
197764,0
197765,2
197766,2
197767,0
197768,0
197769,0
197770,0
197771,0
197772,0
197773,0
197774,1
197775,1
197776,1
197777,4
197778,4
197779,0
197780,0
197781,0
197782,0
197783,0
197784,0
197785,0
197786,0
197787,0
197788,0
197789,0
197790,0
197791,0
197792,0
197793,0
197794,0
197795,0
197796,0
197797,0
197798,0
197799,0
197800,0
197801,0
197802,1
197803,1
197804,1
197805,1
197806,0
197807,1
197808,1
197809,1
197810,0
197811,0
197812,1
197813,0
197814,1
197815,1
197816,0
197817,0
197818,0
197819,0
197820,0
197821,0
197822,0
197823,0
197824,0
197825,0
197826,0
197827,1
197828,1
197829,3
197830,1
197831,1
197832,1
197833,0
197834,0
197835,0
197836,0
197837,0
197838,0
197839,0
197840,1
197841,1
197842,1
197843,0
197844,0
197845,0
197846,0
197847,0
197848,0
197849,1
197850,1
197851,0
197852,0
197853,0
197854,0
197855,0
197856,0
197857,0
197858,0
197859,0
197860,0
197861,0
197862,0
197863,0
197864,0
197865,1
197866,1
197867,0
197868,0
197869,0
197870,0
197871,0
197872,0
197873,0
197874,0
197875,0
197876,0
197877,0
197878,0
197879,0
197880,0
197881,0
197882,0
197883,0
197884,1
197885,0
197886,0
197887,0
197888,0
197889,0
197890,0
197891,1
197892,0
197893,0
197894,1
197895,1
197896,0
197897,0
197898,3
197899,1
197900,3
197901,1
197902,1
197903,1
197904,1
197905,1
197906,1
197907,0
197908,0
197909,0
197910,0
197911,0
197912,0
197913,0
197914,0
197915,1
197916,0
197917,0
197918,0
197919,1
197920,1
197921,1
197922,1
197923,1
197924,1
197925,0
197926,0
197927,1
197928,1
197929,1
197930,1
197931,1
197932,1
197933,0
197934,1
197935,1
197936,0
197937,0
197938,0
197939,0
197940,0
197941,0
197942,0
197943,0
197944,0
197945,0
197946,4
197947,2
197948,0
197949,0
197950,0
197951,0
197952,0
197953,0
197954,0
197955,0
197956,0
197957,0
197958,0
197959,0
197960,1
197961,1
197962,1
197963,0
197964,1
197965,1
197966,1
197967,1
197968,0
197969,1
197970,0
197971,0
197972,0
197973,0
197974,0
197975,0
197976,2
197977,0
197978,2
197979,1
197980,0
197981,1
197982,0
197983,0
197984,0
197985,0
197986,0
197987,0
197988,2
197989,2
197990,0
197991,0
197992,0
197993,2
197994,0
197995,0
197996,0
197997,0
197998,0
197999,0
198000,0
198001,2
198002,2
198003,0
198004,0
198005,0
198006,0
198007,2
198008,2
198009,2
198010,2
198011,0
198012,0
198013,0
198014,0
198015,0
198016,0
198017,0
198018,0
198019,0
198020,0
198021,0
198022,0
198023,0
198024,0
198025,0
198026,0
198027,0
198028,0
198029,0
198030,0
198031,0
198032,0
198033,0
198034,2
198035,0
198036,0
198037,0
198038,1
198039,1
198040,1
198041,0
198042,1
198043,0
198044,1
198045,2
198046,2
198047,2
198048,2
198049,2
198050,0
198051,0
198052,0
198053,0
198054,0
198055,0
198056,0
198057,0
198058,0
198059,0
198060,0
198061,0
198062,0
198063,0
198064,0
198065,0
198066,0
198067,0
198068,0
198069,0
198070,0
198071,0
198072,0
198073,0
198074,0
198075,0
198076,2
198077,2
198078,0
198079,0
198080,0
198081,0
198082,0
198083,2
198084,0
198085,0
198086,0
198087,0
198088,0
198089,0
198090,0
198091,0
198092,0
198093,0
198094,0
198095,0
198096,0
198097,0
198098,2
198099,2
198100,2
198101,0
198102,0
198103,0
198104,2
198105,2
198106,2
198107,2
198108,2
198109,0
198110,0
198111,0
198112,0
198113,0
198114,0
198115,2
198116,2
198117,2
198118,1
198119,0
198120,0
198121,0
198122,1
198123,0
198124,0
198125,0
198126,0
198127,0
198128,0
198129,0
198130,0
198131,0
198132,0
198133,1
198134,0
198135,0
198136,0
198137,0
198138,1
198139,0
198140,0
198141,0
198142,0
198143,1
198144,1
198145,1
198146,1
198147,0
198148,0
198149,1
198150,0
198151,0
198152,0
198153,0
198154,0
198155,1
198156,1
198157,1
198158,1
198159,1
198160,0
198161,0
198162,1
198163,1
198164,0
198165,0
198166,0
198167,0
198168,0
198169,0
198170,0
198171,1
198172,0
198173,1
198174,0
198175,0
198176,1
198177,1
198178,0
198179,0
198180,0
198181,2
198182,2
198183,0
198184,0
198185,0
198186,0
198187,0
198188,0
198189,0
198190,0
198191,0
198192,0
198193,0
198194,0
198195,0
198196,0
198197,0
198198,0
198199,0
198200,0
198201,0
198202,0
198203,0
198204,1
198205,1
198206,1
198207,1
198208,1
198209,1
198210,1
198211,1
198212,1
198213,1
198214,0
198215,0
198216,0
198217,0
198218,0
198219,0
198220,1
198221,1
198222,0
198223,0
198224,0
198225,0
198226,2
198227,1
198228,0
198229,1
198230,0
198231,1
198232,2
198233,0
198234,0
198235,0
198236,0
198237,0
198238,2
198239,2
198240,0
198241,1
198242,1
198243,1
198244,1
198245,0
198246,0
198247,0
198248,0
198249,0
198250,1
198251,1
198252,0
198253,0
198254,0
198255,0
198256,1
198257,1
198258,1
198259,0
198260,0
198261,0
198262,1
198263,1
198264,1
198265,1
198266,0
198267,1
198268,1
198269,0
198270,1
198271,1
198272,1
198273,1
198274,1
198275,0
198276,0
198277,0
198278,3
198279,0
198280,3
198281,3
198282,1
198283,0
198284,1
198285,1
198286,1
198287,0
198288,0
198289,0
198290,1
198291,0
198292,1
198293,1
198294,3
198295,0
198296,0
198297,3
198298,3
198299,1
198300,0
198301,0
198302,1
198303,1
198304,1
198305,0
198306,1
198307,1
198308,1
198309,0
198310,1
198311,1
198312,0
198313,2
198314,0
198315,0
198316,2
198317,2
198318,2
198319,2
198320,2
198321,2
198322,0
198323,0
198324,0
198325,0
198326,0
198327,0
198328,0
198329,0
198330,0
198331,0
198332,0
198333,0
198334,0
198335,0
198336,0
198337,0
198338,0
198339,1
198340,1
198341,1
198342,0
198343,1
198344,1
198345,0
198346,0
198347,0
198348,0
198349,0
198350,0
198351,0
198352,2
198353,0
198354,0
198355,0
198356,0
198357,0
198358,0
198359,0
198360,1
198361,1
198362,1
198363,1
198364,1
198365,1
198366,1
198367,1
198368,1
198369,1
198370,0
198371,0
198372,0
198373,0
198374,0
198375,0
198376,0
198377,1
198378,0
198379,0
198380,0
198381,0
198382,0
198383,0
198384,0
198385,0
198386,0
198387,0
198388,0
198389,0
198390,0
198391,0
198392,0
198393,0
198394,0
198395,0
198396,0
198397,0
198398,0
198399,0
198400,0
198401,0
198402,1
198403,1
198404,1
198405,1
198406,1
198407,1
198408,0
198409,1
198410,1
198411,0
198412,1
198413,1
198414,1
198415,4
198416,2
198417,4
198418,1
198419,0
198420,0
198421,0
198422,0
198423,0
198424,0
198425,0
198426,2
198427,2
198428,2
198429,2
198430,2
198431,2
198432,0
198433,0
198434,0
198435,0
198436,0
198437,1
198438,1
198439,1
198440,0
198441,2
198442,0
198443,2
198444,0
198445,0
198446,0
198447,0
198448,0
198449,2
198450,0
198451,0
198452,0
198453,0
198454,0
198455,0
198456,2
198457,2
198458,0
198459,0
198460,2
198461,0
198462,0
198463,0
198464,2
198465,0
198466,0
198467,0
198468,0
198469,2
198470,2
198471,2
198472,0
198473,1
198474,0
198475,0
198476,0
198477,0
198478,0
198479,0
198480,1
198481,0
198482,0
198483,0
198484,0
198485,0
198486,1
198487,0
198488,0
198489,0
198490,0
198491,1
198492,3
198493,3
198494,3
198495,1
198496,3
198497,3
198498,3
198499,1
198500,0
198501,0
198502,0
198503,1
198504,0
198505,0
198506,0
198507,0
198508,0
198509,0
198510,0
198511,0
198512,0
198513,0
198514,1
198515,0
198516,1
198517,1
198518,1
198519,0
198520,0
198521,0
198522,0
198523,0
198524,0
198525,0
198526,0
198527,0
198528,0
198529,0
198530,0
198531,0
198532,1
198533,1
198534,1
198535,1
198536,0
198537,0
198538,0
198539,1
198540,1
198541,1
198542,3
198543,0
198544,0
198545,0
198546,0
198547,0
198548,0
198549,0
198550,0
198551,0
198552,0
198553,4
198554,1
198555,1
198556,0
198557,0
198558,2
198559,2
198560,2
198561,0
198562,2
198563,4
198564,4
198565,4
198566,2
198567,0
198568,0
198569,2
198570,0
198571,0
198572,0
198573,0
198574,0
198575,0
198576,0
198577,0
198578,0
198579,0
198580,0
198581,0
198582,0
198583,0
198584,0
198585,0
198586,0
198587,0
198588,0
198589,0
198590,0
198591,0
198592,0
198593,0
198594,0
198595,0
198596,0
198597,0
198598,0
198599,0
198600,0
198601,0
198602,1
198603,1
198604,1
198605,0
198606,0
198607,0
198608,0
198609,0
198610,0
198611,0
198612,0
198613,0
198614,0
198615,0
198616,0
198617,0
198618,0
198619,0
198620,0
198621,0
198622,2
198623,0
198624,0
198625,0
198626,0
198627,0
198628,0
198629,0
198630,0
198631,0
198632,0
198633,0
198634,0
198635,0
198636,0
198637,0
198638,0
198639,0
198640,0
198641,0
198642,0
198643,0
198644,0
198645,0
198646,0
198647,2
198648,0
198649,2
198650,0
198651,0
198652,0
198653,0
198654,1
198655,0
198656,0
198657,1
198658,1
198659,1
198660,0
198661,0
198662,0
198663,0
198664,0
198665,0
198666,0
198667,0
198668,0
198669,0
198670,0
198671,1
198672,0
198673,1
198674,1
198675,1
198676,0
198677,0
198678,0
198679,0
198680,0
198681,1
198682,0
198683,0
198684,0
198685,0
198686,0
198687,0
198688,0
198689,0
198690,0
198691,0
198692,0
198693,0
198694,1
198695,0
198696,0
198697,0
198698,0
198699,0
198700,0
198701,0
198702,0
198703,0
198704,0
198705,0
198706,0
198707,0
198708,0
198709,0
198710,0
198711,0
198712,0
198713,0
198714,0
198715,0
198716,1
198717,2
198718,2
198719,0
198720,0
198721,0
198722,0
198723,0
198724,0
198725,0
198726,0
198727,0
198728,0
198729,0
198730,0
198731,0
198732,0
198733,0
198734,0
198735,0
198736,0
198737,0
198738,0
198739,0
198740,0
198741,0
198742,0
198743,0
198744,0
198745,0
198746,0
198747,0
198748,0
198749,0
198750,0
198751,0
198752,0
198753,0
198754,0
198755,0
198756,0
198757,0
198758,0
198759,0
198760,0
198761,0
198762,0
198763,1
198764,1
198765,0
198766,2
198767,2
198768,2
198769,2
198770,1
198771,1
198772,1
198773,0
198774,1
198775,1
198776,3
198777,1
198778,0
198779,0
198780,0
198781,0
198782,0
198783,0
198784,2
198785,0
198786,0
198787,0
198788,0
198789,0
198790,0
198791,0
198792,0
198793,0
198794,0
198795,0
198796,0
198797,0
198798,0
198799,0
198800,0
198801,0
198802,0
198803,0
198804,0
198805,0
198806,0
198807,0
198808,0
198809,0
198810,0
198811,0
198812,0
198813,0
198814,0
198815,0
198816,0
198817,0
198818,0
198819,0
198820,0
198821,0
198822,0
198823,0
198824,0
198825,0
198826,0
198827,0
198828,0
198829,0
198830,0
198831,0
198832,0
198833,0
198834,0
198835,0
198836,0
198837,0
198838,1
198839,1
198840,0
198841,0
198842,0
198843,0
198844,0
198845,0
198846,0
198847,0
198848,0
198849,0
198850,0
198851,0
198852,2
198853,2
198854,0
198855,1
198856,1
198857,0
198858,1
198859,1
198860,3
198861,0
198862,0
198863,0
198864,0
198865,0
198866,0
198867,3
198868,3
198869,0
198870,1
198871,0
198872,0
198873,0
198874,0
198875,0
198876,3
198877,3
198878,1
198879,3
198880,1
198881,0
198882,3
198883,1
198884,1
198885,0
198886,0
198887,0
198888,0
198889,0
198890,0
198891,0
198892,1
198893,3
198894,0
198895,0
198896,0
198897,0
198898,4
198899,1
198900,1
198901,1
198902,1
198903,0
198904,1
198905,1
198906,1
198907,1
198908,0
198909,0
198910,0
198911,0
198912,0
198913,0
198914,0
198915,0
198916,0
198917,0
198918,0
198919,0
198920,1
198921,0
198922,1
198923,2
198924,2
198925,0
198926,0
198927,0
198928,0
198929,0
198930,0
198931,0
198932,0
198933,0
198934,0
198935,0
198936,0
198937,0
198938,0
198939,0
198940,0
198941,0
198942,0
198943,0
198944,0
198945,0
198946,0
198947,0
198948,0
198949,0
198950,0
198951,0
198952,1
198953,1
198954,0
198955,0
198956,2
198957,2
198958,0
198959,0
198960,0
198961,2
198962,0
198963,2
198964,0
198965,0
198966,0
198967,0
198968,1
198969,1
198970,1
198971,0
198972,0
198973,0
198974,0
198975,0
198976,0
198977,0
198978,0
198979,0
198980,0
198981,0
198982,0
198983,0
198984,0
198985,0
198986,0
198987,0
198988,0
198989,0
198990,0
198991,0
198992,0
198993,0
198994,3
198995,1
198996,0
198997,0
198998,1
198999,3
199000,1
199001,3
199002,1
199003,1
199004,1
199005,1
199006,1
199007,0
199008,1
199009,1
199010,1
199011,1
199012,1
199013,1
199014,0
199015,1
199016,0
199017,0
199018,0
199019,0
199020,0
199021,0
199022,0
199023,0
199024,0
199025,0
199026,0
199027,0
199028,0
199029,0
199030,0
199031,1
199032,0
199033,0
199034,1
199035,1
199036,1
199037,1
199038,0
199039,0
199040,0
199041,0
199042,0
199043,0
199044,0
199045,0
199046,0
199047,2
199048,2
199049,2
199050,0
199051,0
199052,0
199053,0
199054,0
199055,0
199056,0
199057,0
199058,0
199059,0
199060,0
199061,0
199062,0
199063,0
199064,0
199065,0
199066,0
199067,0
199068,0
199069,0
199070,0
199071,0
199072,0
199073,0
199074,0
199075,0
199076,0
199077,0
199078,0
199079,0
199080,1
199081,1
199082,1
199083,0
199084,0
199085,0
199086,0
199087,0
199088,0
199089,0
199090,0
199091,0
199092,0
199093,0
199094,0
199095,0
199096,0
199097,0
199098,0
199099,0
199100,0
199101,0
199102,0
199103,0
199104,0
199105,0
199106,0
199107,0
199108,0
199109,0
199110,0
199111,0
199112,0
199113,0
199114,0
199115,0
199116,0
199117,1
199118,1
199119,0
199120,0
199121,0
199122,0
199123,0
199124,0
199125,0
199126,1
199127,0
199128,0
199129,0
199130,0
199131,0
199132,0
199133,0
199134,0
199135,0
199136,0
199137,1
199138,1
199139,1
199140,1
199141,0
199142,0
199143,0
199144,1
199145,1
199146,0
199147,1
199148,2
199149,1
199150,2
199151,2
199152,2
199153,0
199154,2
199155,0
199156,0
199157,0
199158,1
199159,1
199160,0
199161,0
199162,0
199163,0
199164,1
199165,0
199166,0
199167,0
199168,0
199169,0
199170,0
199171,0
199172,0
199173,0
199174,0
199175,0
199176,0
199177,0
199178,0
199179,0
199180,0
199181,0
199182,0
199183,0
199184,0
199185,0
199186,0
199187,0
199188,0
199189,0
199190,0
199191,0
199192,0
199193,0
199194,0
199195,0
199196,0
199197,0
199198,0
199199,0
199200,0
199201,0
199202,0
199203,0
199204,0
199205,0
199206,0
199207,0
199208,0
199209,0
199210,1
199211,1
199212,0
199213,1
199214,1
199215,0
199216,0
199217,1
199218,1
199219,0
199220,2
199221,0
199222,1
199223,1
199224,0
199225,0
199226,0
199227,1
199228,1
199229,0
199230,0
199231,0
199232,0
199233,0
199234,0
199235,0
199236,0
199237,0
199238,0
199239,0
199240,0
199241,0
199242,0
199243,0
199244,0
199245,0
199246,0
199247,0
199248,0
199249,0
199250,0
199251,0
199252,0
199253,0
199254,0
199255,0
199256,0
199257,0
199258,0
199259,0
199260,0
199261,0
199262,0
199263,2
199264,4
199265,0
199266,0
199267,0
199268,0
199269,0
199270,0
199271,0
199272,0
199273,0
199274,0
199275,0
199276,0
199277,0
199278,0
199279,0
199280,0
199281,0
199282,0
199283,0
199284,2
199285,0
199286,0
199287,0
199288,0
199289,0
199290,0
199291,0
199292,0
199293,2
199294,2
199295,2
199296,4
199297,0
199298,0
199299,0
199300,2
199301,2
199302,2
199303,4
199304,2
199305,0
199306,2
199307,2
199308,2
199309,2
199310,2
199311,2
199312,2
199313,0
199314,0
199315,0
199316,0
199317,0
199318,0
199319,0
199320,0
199321,2
199322,2
199323,0
199324,0
199325,2
199326,0
199327,0
199328,0
199329,0
199330,0
199331,0
199332,0
199333,0
199334,0
199335,0
199336,0
199337,1
199338,1
199339,1
199340,1
199341,1
199342,1
199343,1
199344,1
199345,1
199346,1
199347,1
199348,1
199349,0
199350,2
199351,0
199352,0
199353,0
199354,0
199355,0
199356,0
199357,0
199358,0
199359,0
199360,0
199361,0
199362,0
199363,0
199364,0
199365,0
199366,1
199367,1
199368,1
199369,1
199370,1
199371,0
199372,1
199373,1
199374,1
199375,1
199376,0
199377,0
199378,0
199379,0
199380,0
199381,0
199382,0
199383,1
199384,1
199385,1
199386,0
199387,0
199388,0
199389,0
199390,0
199391,0
199392,0
199393,0
199394,0
199395,0
199396,0
199397,0
199398,0
199399,0
199400,0
199401,0
199402,0
199403,0
199404,0
199405,0
199406,0
199407,0
199408,0
199409,0
199410,1
199411,1
199412,0
199413,0
199414,0
199415,0
199416,0
199417,0
199418,0
199419,0
199420,0
199421,0
199422,0
199423,0
199424,0
199425,0
199426,0
199427,0
199428,0
199429,0
199430,0
199431,0
199432,0
199433,0
199434,0
199435,0
199436,0
199437,0
199438,0
199439,2
199440,2
199441,0
199442,0
199443,0
199444,0
199445,0
199446,0
199447,0
199448,0
199449,0
199450,0
199451,0
199452,0
199453,0
199454,0
199455,0
199456,0
199457,1
199458,1
199459,0
199460,0
199461,0
199462,0
199463,0
199464,0
199465,0
199466,0
199467,0
199468,0
199469,0
199470,0
199471,1
199472,1
199473,0
199474,0
199475,0
199476,1
199477,0
199478,2
199479,0
199480,0
199481,1
199482,0
199483,0
199484,0
199485,0
199486,0
199487,4
199488,0
199489,4
199490,4
199491,0
199492,0
199493,4
199494,4
199495,4
199496,0
199497,0
199498,0
199499,0
199500,0
199501,2
199502,1
199503,1
199504,1
199505,1
199506,1
199507,0
199508,0
199509,0
199510,0
199511,0
199512,1
199513,1
199514,0
199515,0
199516,0
199517,0
199518,0
199519,0
199520,0
199521,3
199522,0
199523,0
199524,3
199525,1
199526,1
199527,1
199528,1
199529,2
199530,1
199531,1
199532,1
199533,1
199534,1
199535,0
199536,3
199537,3
199538,3
199539,1
199540,0
199541,0
199542,0
199543,0
199544,0
199545,0
199546,1
199547,3
199548,0
199549,0
199550,0
199551,0
199552,0
199553,0
199554,0
199555,1
199556,1
199557,0
199558,0
199559,0
199560,0
199561,0
199562,0
199563,0
199564,0
199565,0
199566,0
199567,1
199568,1
199569,1
199570,0
199571,0
199572,0
199573,0
199574,0
199575,0
199576,0
199577,0
199578,0
199579,0
199580,0
199581,0
199582,0
199583,0
199584,0
199585,0
199586,0
199587,0
199588,0
199589,0
199590,0
199591,0
199592,0
199593,0
199594,0
199595,0
199596,0
199597,2
199598,2
199599,2
199600,2
199601,2
199602,2
199603,2
199604,0
199605,2
199606,0
199607,0
199608,0
199609,0
199610,0
199611,0
199612,0
199613,0
199614,2
199615,2
199616,2
199617,0
199618,0
199619,0
199620,0
199621,2
199622,0
199623,0
199624,0
199625,0
199626,2
199627,2
199628,2
199629,0
199630,0
199631,0
199632,0
199633,0
199634,0
199635,0
199636,0
199637,0
199638,0
199639,0
199640,0
199641,2
199642,2
199643,2
199644,0
199645,0
199646,0
199647,0
199648,0
199649,0
199650,0
199651,0
199652,0
199653,0
199654,0
199655,0
199656,0
199657,0
199658,0
199659,0
199660,0
199661,0
199662,0
199663,0
199664,2
199665,0
199666,0
199667,0
199668,0
199669,0
199670,0
199671,0
199672,0
199673,0
199674,0
199675,0
199676,0
199677,0
199678,0
199679,0
199680,0
199681,0
199682,0
199683,0
199684,0
199685,0
199686,1
199687,0
199688,0
199689,0
199690,0
199691,0
199692,0
199693,0
199694,1
199695,1
199696,1
199697,1
199698,1
199699,0
199700,2
199701,0
199702,0
199703,0
199704,1
199705,1
199706,0
199707,0
199708,2
199709,0
199710,0
199711,2
199712,2
199713,2
199714,2
199715,2
199716,0
199717,2
199718,2
199719,0
199720,0
199721,0
199722,0
199723,0
199724,0
199725,0
199726,0
199727,0
199728,0
199729,0
199730,0
199731,0
199732,0
199733,1
199734,1
199735,3
199736,1
199737,0
199738,1
199739,1
199740,0
199741,0
199742,0
199743,1
199744,1
199745,0
199746,0
199747,1
199748,1
199749,3
199750,0
199751,0
199752,0
199753,0
199754,0
199755,0
199756,0
199757,0
199758,0
199759,0
199760,0
199761,0
199762,0
199763,0
199764,0
199765,1
199766,0
199767,0
199768,0
199769,0
199770,0
199771,0
199772,0
199773,0
199774,0
199775,0
199776,0
199777,0
199778,0
199779,0
199780,0
199781,0
199782,0
199783,0
199784,0
199785,2
199786,0
199787,0
199788,0
199789,0
199790,0
199791,0
199792,0
199793,0
199794,0
199795,0
199796,0
199797,0
199798,0
199799,0
199800,0
199801,0
199802,0
199803,0
199804,0
199805,0
199806,0
199807,0
199808,2
199809,2
199810,2
199811,2
199812,2
199813,0
199814,2
199815,2
199816,2
199817,1
199818,0
199819,0
199820,0
199821,0
199822,0
199823,0
199824,0
199825,0
199826,0
199827,0
199828,0
199829,0
199830,1
199831,1
199832,1
199833,1
199834,1
199835,1
199836,0
199837,0
199838,0
199839,0
199840,0
199841,0
199842,0
199843,0
199844,0
199845,0
199846,0
199847,0
199848,0
199849,0
199850,0
199851,0
199852,2
199853,2
199854,0
199855,0
199856,0
199857,0
199858,0
199859,0
199860,0
199861,0
199862,0
199863,0
199864,0
199865,2
199866,0
199867,0
199868,0
199869,0
199870,0
199871,0
199872,0
199873,2
199874,2
199875,0
199876,0
199877,0
199878,0
199879,0
199880,0
199881,0
199882,0
199883,0
199884,0
199885,0
199886,0
199887,0
199888,0
199889,2
199890,0
199891,0
199892,1
199893,0
199894,1
199895,0
199896,0
199897,0
199898,0
199899,0
199900,0
199901,0
199902,0
199903,0
199904,0
199905,0
199906,0
199907,0
199908,0
199909,0
199910,0
199911,0
199912,0
199913,0
199914,0
199915,0
199916,0
199917,0
199918,1
199919,1
199920,3
199921,0
199922,0
199923,1
199924,1
199925,0
199926,1
199927,0
199928,0
199929,0
199930,0
199931,0
199932,1
199933,0
199934,0
199935,0
199936,0
199937,0
199938,0
199939,0
199940,0
199941,0
199942,0
199943,0
199944,0
199945,0
199946,0
199947,0
199948,0
199949,0
199950,0
199951,0
199952,0
199953,0
199954,0
199955,1
199956,1
199957,1
199958,1
199959,0
199960,1
199961,0
199962,0
199963,0
199964,0
199965,0
199966,0
199967,0
199968,2
199969,0
199970,0
199971,0
199972,0
199973,0
199974,4
199975,4
199976,0
199977,0
199978,0
199979,0
199980,1
199981,0
199982,0
199983,0
199984,0
199985,0
199986,2
199987,0
199988,0
199989,0
199990,0
199991,0
199992,0
199993,0
199994,0
199995,1
199996,1
199997,1
199998,1
199999,1
200000,1
200001,1
200002,0
200003,0
200004,1
200005,1
200006,1
200007,1
200008,0
200009,0
200010,0
200011,0
200012,2
200013,2
200014,0
200015,0
200016,0
200017,0
200018,0
200019,0
200020,1
200021,1
200022,1
200023,0
200024,1
200025,1
200026,1
200027,1
200028,1
200029,0
200030,0
200031,1
200032,1
200033,0
200034,0
200035,0
200036,0
200037,0
200038,0
200039,0
200040,0
200041,0
200042,0
200043,0
200044,0
200045,1
200046,0
200047,0
200048,0
200049,0
200050,2
200051,2
200052,0
200053,2
200054,0
200055,0
200056,2
200057,2
200058,2
200059,0
200060,0
200061,0
200062,0
200063,0
200064,0
200065,0
200066,0
200067,0
200068,0
200069,0
200070,1
200071,1
200072,1
200073,0
200074,0
200075,0
200076,0
200077,0
200078,0
200079,2
200080,2
200081,0
200082,1
200083,0
200084,0
200085,0
200086,0
200087,0
200088,0
200089,0
200090,0
200091,0
200092,0
200093,0
200094,2
200095,2
200096,0
200097,0
200098,1
200099,0
200100,0
200101,0
200102,1
200103,0
200104,0
200105,1
200106,1
200107,0
200108,1
200109,1
200110,0
200111,1
200112,0
200113,0
200114,0
200115,0
200116,0
200117,0
200118,0
200119,0
200120,0
200121,0
200122,0
200123,0
200124,0
200125,0
200126,1
200127,1
200128,1
200129,0
200130,0
200131,0
200132,1
200133,1
200134,1
200135,2
200136,1
200137,2
200138,0
200139,0
200140,1
200141,1
200142,0
200143,1
200144,1
200145,1
200146,1
200147,1
200148,1
200149,1
200150,1
200151,1
200152,1
200153,1
200154,1
200155,0
200156,0
200157,1
200158,0
200159,0
200160,0
200161,1
200162,1
200163,0
200164,1
200165,0
200166,0
200167,0
200168,0
200169,0
200170,0
200171,0
200172,0
200173,0
200174,1
200175,1
200176,1
200177,0
200178,0
200179,0
200180,4
200181,2
200182,2
200183,1
200184,1
200185,1
200186,0
200187,1
200188,1
200189,1
200190,0
200191,4
200192,2
200193,0
200194,0
200195,0
200196,2
200197,0
200198,2
200199,0
200200,2
200201,2
200202,2
200203,2
200204,0
200205,0
200206,0
200207,2
200208,2
200209,1
200210,1
200211,1
200212,1
200213,0
200214,0
200215,0
200216,0
200217,2
200218,2
200219,1
200220,1
200221,1
200222,1
200223,0
200224,0
200225,1
200226,1
200227,1
200228,0
200229,0
200230,0
200231,0
200232,0
200233,3
200234,3
200235,3
200236,3
200237,3
200238,3
200239,0
200240,0
200241,0
200242,0
200243,0
200244,0
200245,0
200246,0
200247,0
200248,0
200249,0
200250,0
200251,0
200252,0
200253,0
200254,0
200255,1
200256,0
200257,0
200258,0
200259,0
200260,0
200261,0
200262,0
200263,0
200264,0
200265,0
200266,0
200267,0
200268,0
200269,0
200270,2
200271,0
200272,0
200273,0
200274,0
200275,0
200276,0
200277,0
200278,0
200279,0
200280,0
200281,0
200282,0
200283,0
200284,0
200285,1
200286,1
200287,0
200288,0
200289,0
200290,0
200291,1
200292,1
200293,0
200294,0
200295,0
200296,0
200297,0
200298,0
200299,1
200300,1
200301,1
200302,1
200303,1
200304,1
200305,1
200306,1
200307,3
200308,0
200309,0
200310,0
200311,0
200312,0
200313,0
200314,0
200315,0
200316,0
200317,0
200318,0
200319,0
200320,1
200321,1
200322,1
200323,1
200324,1
200325,0
200326,1
200327,0
200328,0
200329,0
200330,2
200331,0
200332,0
200333,0
200334,0
200335,0
200336,0
200337,0
200338,0
200339,0
200340,0
200341,0
200342,0
200343,0
200344,0
200345,0
200346,0
200347,0
200348,0
200349,0
200350,2
200351,0
200352,0
200353,0
200354,0
200355,0
200356,0
200357,2
200358,2
200359,2
200360,0
200361,2
200362,0
200363,0
200364,0
200365,0
200366,0
200367,0
200368,0
200369,0
200370,0
200371,0
200372,0
200373,0
200374,0
200375,0
200376,0
200377,0
200378,0
200379,1
200380,0
200381,1
200382,1
200383,0
200384,0
200385,0
200386,2
200387,1
200388,0
200389,0
200390,2
200391,2
200392,0
200393,0
200394,0
200395,3
200396,3
200397,3
200398,3
200399,0
200400,3
200401,3
200402,1
200403,1
200404,0
200405,0
200406,1
200407,1
200408,0
200409,0
200410,0
200411,0
200412,0
200413,0
200414,0
200415,0
200416,0
200417,0
200418,0
200419,1
200420,0
200421,0
200422,0
200423,0
200424,0
200425,0
200426,0
200427,0
200428,0
200429,0
200430,0
200431,0
200432,0
200433,0
200434,0
200435,0
200436,0
200437,0
200438,0
200439,0
200440,0
200441,0
200442,0
200443,0
200444,0
200445,0
200446,0
200447,0
200448,0
200449,0
200450,0
200451,0
200452,0
200453,0
200454,0
200455,0
200456,0
200457,0
200458,0
200459,0
200460,0
200461,0
200462,0
200463,0
200464,0
200465,0
200466,0
200467,1
200468,1
200469,1
200470,1
200471,0
200472,0
200473,0
200474,0
200475,0
200476,0
200477,0
200478,0
200479,0
200480,0
200481,0
200482,0
200483,1
200484,1
200485,1
200486,1
200487,1
200488,0
200489,1
200490,0
200491,1
200492,1
200493,1
200494,0
200495,0
200496,0
200497,0
200498,0
200499,0
200500,0
200501,0
200502,0
200503,0
200504,0
200505,0
200506,0
200507,0
200508,0
200509,0
200510,0
200511,0
200512,0
200513,0
200514,0
200515,0
200516,0
200517,0
200518,0
200519,0
200520,0
200521,0
200522,0
200523,0
200524,0
200525,0
200526,0
200527,1
200528,1
200529,1
200530,1
200531,0
200532,0
200533,0
200534,0
200535,0
200536,0
200537,0
200538,0
200539,0
200540,4
200541,4
200542,4
200543,4
200544,4
200545,4
200546,2
200547,4
200548,4
200549,4
200550,4
200551,4
200552,4
200553,4
200554,4
200555,0
200556,0
200557,1
200558,1
200559,1
200560,1
200561,1
200562,1
200563,0
200564,0
200565,0
200566,0
200567,0
200568,0
200569,1
200570,0
200571,0
200572,0
200573,0
200574,1
200575,0
200576,0
200577,0
200578,0
200579,0
200580,0
200581,0
200582,0
200583,0
200584,0
200585,0
200586,0
200587,0
200588,2
200589,0
200590,0
200591,0
200592,0
200593,0
200594,0
200595,0
200596,0
200597,0
200598,0
200599,0
200600,0
200601,0
200602,2
200603,2
200604,0
200605,0
200606,0
200607,0
200608,0
200609,0
200610,1
200611,1
200612,1
200613,0
200614,0
200615,0
200616,0
200617,1
200618,0
200619,0
200620,0
200621,0
200622,0
200623,0
200624,0
200625,0
200626,0
200627,0
200628,0
200629,0
200630,0
200631,0
200632,0
200633,0
200634,1
200635,1
200636,1
200637,1
200638,0
200639,2
200640,0
200641,0
200642,0
200643,0
200644,0
200645,0
200646,2
200647,0
200648,0
200649,0
200650,0
200651,0
200652,0
200653,2
200654,2
200655,0
200656,2
200657,1
200658,0
200659,0
200660,2
200661,2
200662,2
200663,0
200664,0
200665,1
200666,1
200667,1
200668,1
200669,0
200670,1
200671,0
200672,0
200673,0
200674,1
200675,1
200676,0
200677,0
200678,0
200679,0
200680,0
200681,0
200682,0
200683,0
200684,0
200685,0
200686,0
200687,0
200688,0
200689,0
200690,0
200691,4
200692,4
200693,2
200694,2
200695,2
200696,0
200697,0
200698,0
200699,0
200700,0
200701,1
200702,1
200703,1
200704,1
200705,0
200706,0
200707,0
200708,0
200709,0
200710,0
200711,0
200712,0
200713,0
200714,0
200715,0
200716,0
200717,0
200718,0
200719,0
200720,0
200721,0
200722,0
200723,0
200724,0
200725,0
200726,0
200727,0
200728,0
200729,0
200730,0
200731,0
200732,0
200733,0
200734,0
200735,0
200736,0
200737,0
200738,0
200739,0
200740,0
200741,0
200742,0
200743,0
200744,0
200745,0
200746,4
200747,0
200748,0
200749,0
200750,0
200751,0
200752,0
200753,0
200754,0
200755,0
200756,0
200757,2
200758,0
200759,2
200760,0
200761,0
200762,2
200763,0
200764,0
200765,2
200766,0
200767,2
200768,2
200769,0
200770,0
200771,0
200772,2
200773,0
200774,0
200775,0
200776,0
200777,0
200778,0
200779,0
200780,0
200781,0
200782,0
200783,0
200784,0
200785,0
200786,0
200787,0
200788,0
200789,0
200790,0
200791,0
200792,0
200793,0
200794,0
200795,0
200796,0
200797,0
200798,0
200799,0
200800,0
200801,0
200802,0
200803,0
200804,0
200805,0
200806,0
200807,0
200808,0
200809,0
200810,0
200811,4
200812,4
200813,4
200814,4
200815,4
200816,2
200817,0
200818,0
200819,0
200820,0
200821,0
200822,1
200823,3
200824,3
200825,3
200826,3
200827,3
200828,0
200829,0
200830,0
200831,0
200832,0
200833,0
200834,0
200835,0
200836,0
200837,0
200838,1
200839,1
200840,1
200841,0
200842,1
200843,0
200844,0
200845,0
200846,0
200847,0
200848,1
200849,0
200850,0
200851,0
200852,0
200853,0
200854,0
200855,0
200856,0
200857,1
200858,0
200859,0
200860,0
200861,0
200862,1
200863,1
200864,1
200865,0
200866,0
200867,3
200868,3
200869,3
200870,1
200871,1
200872,3
200873,0
200874,0
200875,1
200876,1
200877,1
200878,1
200879,0
200880,1
200881,1
200882,1
200883,0
200884,0
200885,0
200886,0
200887,0
200888,0
200889,0
200890,0
200891,0
200892,0
200893,2
200894,2
200895,2
200896,2
200897,2
200898,0
200899,0
200900,2
200901,2
200902,2
200903,0
200904,1
200905,1
200906,0
200907,1
200908,1
200909,1
200910,1
200911,0
200912,0
200913,0
200914,0
200915,0
200916,2
200917,2
200918,2
200919,2
200920,2
200921,0
200922,0
200923,0
200924,0
200925,0
200926,0
200927,0
200928,0
200929,0
200930,1
200931,0
200932,0
200933,0
200934,0
200935,0
200936,1
200937,1
200938,1
200939,0
200940,0
200941,0
200942,4
200943,2
200944,0
200945,0
200946,0
200947,0
200948,2
200949,2
200950,2
200951,0
200952,0
200953,0
200954,2
200955,2
200956,4
200957,4
200958,4
200959,4
200960,0
200961,0
200962,0
200963,0
200964,0
200965,0
200966,0
200967,0
200968,0
200969,0
200970,0
200971,0
200972,2
200973,0
200974,0
200975,0
200976,0
200977,0
200978,2
200979,1
200980,1
200981,1
200982,2
200983,1
200984,1
200985,1
200986,1
200987,1
200988,0
200989,1
200990,1
200991,0
200992,0
200993,0
200994,0
200995,0
200996,0
200997,0
200998,0
200999,0
201000,0
201001,0
201002,0
201003,0
201004,0
201005,0
201006,0
201007,0
201008,0
201009,0
201010,0
201011,0
201012,0
201013,0
201014,0
201015,0
201016,0
201017,0
201018,0
201019,0
201020,0
201021,0
201022,0
201023,0
201024,2
201025,0
201026,0
201027,0
201028,1
201029,1
201030,1
201031,0
201032,0
201033,2
201034,2
201035,0
201036,0
201037,0
201038,0
201039,0
201040,0
201041,0
201042,0
201043,2
201044,2
201045,0
201046,0
201047,0
201048,1
201049,0
201050,0
201051,0
201052,0
201053,0
201054,2
201055,2
201056,2
201057,2
201058,2
201059,0
201060,0
201061,0
201062,0
201063,0
201064,0
201065,0
201066,0
201067,0
201068,0
201069,0
201070,0
201071,0
201072,0
201073,1
201074,1
201075,1
201076,1
201077,2
201078,2
201079,2
201080,2
201081,2
201082,0
201083,0
201084,0
201085,0
201086,0
201087,0
201088,0
201089,0
201090,0
201091,0
201092,1
201093,0
201094,0
201095,1
201096,0
201097,0
201098,0
201099,0
201100,0
201101,0
201102,0
201103,0
201104,0
201105,0
201106,0
201107,0
201108,0
201109,0
201110,2
201111,2
201112,0
201113,0
201114,1
201115,0
201116,1
201117,0
201118,0
201119,0
201120,0
201121,0
201122,0
201123,0
201124,0
201125,0
201126,0
201127,0
201128,0
201129,0
201130,0
201131,0
201132,0
201133,0
201134,0
201135,0
201136,0
201137,0
201138,0
201139,0
201140,0
201141,1
201142,1
201143,0
201144,0
201145,0
201146,0
201147,0
201148,0
201149,0
201150,0
201151,0
201152,0
201153,0
201154,0
201155,0
201156,0
201157,0
201158,0
201159,0
201160,0
201161,0
201162,0
201163,2
201164,2
201165,2
201166,2
201167,2
201168,0
201169,0
201170,0
201171,1
201172,0
201173,0
201174,0
201175,0
201176,2
201177,1
201178,2
201179,2
201180,0
201181,1
201182,0
201183,0
201184,1
201185,1
201186,1
201187,1
201188,1
201189,0
201190,0
201191,0
201192,0
201193,0
201194,0
201195,1
201196,1
201197,1
201198,1
201199,1
201200,1
201201,1
201202,1
201203,1
201204,0
201205,2
201206,0
201207,0
201208,1
201209,1
201210,1
201211,1
201212,1
201213,1
201214,1
201215,1
201216,1
201217,1
201218,1
201219,0
201220,0
201221,0
201222,0
201223,0
201224,0
201225,0
201226,0
201227,0
201228,0
201229,1
201230,1
201231,0
201232,0
201233,0
201234,0
201235,0
201236,0
201237,0
201238,0
201239,1
201240,1
201241,1
201242,1
201243,0
201244,0
201245,1
201246,1
201247,1
201248,0
201249,1
201250,1
201251,0
201252,0
201253,0
201254,1
201255,1
201256,1
201257,1
201258,1
201259,0
201260,1
201261,1
201262,0
201263,0
201264,1
201265,0
201266,0
201267,1
201268,1
201269,1
201270,0
201271,2
201272,0
201273,0
201274,0
201275,0
201276,0
201277,0
201278,0
201279,0
201280,0
201281,0
201282,0
201283,0
201284,0
201285,0
201286,0
201287,0
201288,0
201289,0
201290,0
201291,1
201292,0
201293,0
201294,0
201295,0
201296,0
201297,0
201298,0
201299,1
201300,0
201301,0
201302,0
201303,0
201304,0
201305,0
201306,1
201307,3
201308,1
201309,1
201310,2
201311,2
201312,2
201313,0
201314,0
201315,0
201316,0
201317,0
201318,0
201319,0
201320,0
201321,0
201322,0
201323,0
201324,0
201325,1
201326,1
201327,1
201328,0
201329,0
201330,1
201331,1
201332,1
201333,1
201334,0
201335,1
201336,1
201337,1
201338,0
201339,0
201340,0
201341,0
201342,0
201343,0
201344,2
201345,0
201346,0
201347,2
201348,2
201349,2
201350,0
201351,0
201352,0
201353,0
201354,2
201355,0
201356,0
201357,0
201358,0
201359,0
201360,1
201361,0
201362,0
201363,0
201364,0
201365,0
201366,0
201367,0
201368,0
201369,0
201370,1
201371,0
201372,0
201373,0
201374,0
201375,0
201376,0
201377,0
201378,0
201379,0
201380,1
201381,1
201382,0
201383,0
201384,0
201385,1
201386,1
201387,1
201388,1
201389,1
201390,1
201391,1
201392,1
201393,1
201394,1
201395,0
201396,1
201397,1
201398,1
201399,1
201400,1
201401,0
201402,1
201403,0
201404,0
201405,1
201406,1
201407,1
201408,0
201409,0
201410,1
201411,0
201412,0
201413,0
201414,0
201415,0
201416,0
201417,0
201418,0
201419,0
201420,0
201421,0
201422,0
201423,0
201424,0
201425,0
201426,0
201427,0
201428,0
201429,0
201430,0
201431,0
201432,0
201433,0
201434,0
201435,1
201436,1
201437,1
201438,1
201439,0
201440,1
201441,0
201442,0
201443,1
201444,1
201445,1
201446,1
201447,0
201448,1
201449,1
201450,0
201451,0
201452,0
201453,0
201454,0
201455,0
201456,0
201457,1
201458,1
201459,1
201460,3
201461,3
201462,3
201463,1
201464,0
201465,0
201466,0
201467,0
201468,0
201469,0
201470,0
201471,0
201472,0
201473,0
201474,0
201475,0
201476,1
201477,1
201478,1
201479,1
201480,0
201481,0
201482,1
201483,0
201484,0
201485,0
201486,0
201487,0
201488,0
201489,0
201490,0
201491,0
201492,1
201493,0
201494,0
201495,0
201496,0
201497,0
201498,0
201499,1
201500,0
201501,0
201502,0
201503,1
201504,0
201505,0
201506,1
201507,0
201508,0
201509,0
201510,0
201511,0
201512,0
201513,0
201514,0
201515,0
201516,0
201517,0
201518,0
201519,0
201520,0
201521,0
201522,0
201523,0
201524,0
201525,0
201526,0
201527,0
201528,0
201529,0
201530,0
201531,0
201532,0
201533,0
201534,2
201535,2
201536,0
201537,0
201538,0
201539,0
201540,0
201541,1
201542,0
201543,0
201544,0
201545,0
201546,1
201547,1
201548,1
201549,1
201550,0
201551,0
201552,0
201553,0
201554,0
201555,0
201556,0
201557,0
201558,0
201559,0
201560,0
201561,0
201562,0
201563,0
201564,0
201565,0
201566,0
201567,0
201568,0
201569,0
201570,0
201571,0
201572,0
201573,0
201574,2
201575,2
201576,2
201577,2
201578,2
201579,0
201580,0
201581,2
201582,2
201583,0
201584,0
201585,0
201586,0
201587,0
201588,0
201589,0
201590,0
201591,0
201592,0
201593,0
201594,0
201595,0
201596,0
201597,0
201598,0
201599,0
201600,0
201601,2
201602,2
201603,1
201604,1
201605,0
201606,0
201607,1
201608,0
201609,0
201610,2
201611,2
201612,0
201613,0
201614,0
201615,0
201616,0
201617,0
201618,0
201619,0
201620,0
201621,2
201622,2
201623,2
201624,2
201625,2
201626,2
201627,2
201628,2
201629,2
201630,2
201631,0
201632,0
201633,2
201634,2
201635,1
201636,0
201637,1
201638,1
201639,1
201640,1
201641,2
201642,0
201643,0
201644,0
201645,0
201646,1
201647,1
201648,1
201649,1
201650,1
201651,2
201652,4
201653,4
201654,4
201655,2
201656,2
201657,2
201658,1
201659,1
201660,1
201661,1
201662,0
201663,0
201664,0
201665,0
201666,0
201667,0
201668,0
201669,0
201670,0
201671,2
201672,0
201673,2
201674,0
201675,0
201676,0
201677,0
201678,0
201679,0
201680,0
201681,0
201682,0
201683,0
201684,0
201685,0
201686,0
201687,0
201688,0
201689,0
201690,0
201691,0
201692,0
201693,0
201694,0
201695,0
201696,0
201697,0
201698,0
201699,0
201700,0
201701,0
201702,0
201703,0
201704,0
201705,0
201706,0
201707,0
201708,0
201709,0
201710,1
201711,0
201712,0
201713,0
201714,0
201715,0
201716,0
201717,0
201718,0
201719,0
201720,0
201721,0
201722,0
201723,1
201724,1
201725,0
201726,0
201727,0
201728,0
201729,0
201730,0
201731,0
201732,0
201733,0
201734,0
201735,0
201736,0
201737,0
201738,0
201739,0
201740,0
201741,0
201742,0
201743,0
201744,0
201745,0
201746,0
201747,0
201748,0
201749,0
201750,0
201751,0
201752,0
201753,0
201754,0
201755,0
201756,0
201757,0
201758,0
201759,0
201760,0
201761,0
201762,0
201763,0
201764,0
201765,0
201766,0
201767,0
201768,0
201769,0
201770,0
201771,0
201772,0
201773,4
201774,2
201775,2
201776,2
201777,0
201778,0
201779,0
201780,0
201781,0
201782,0
201783,0
201784,0
201785,0
201786,0
201787,0
201788,0
201789,0
201790,0
201791,0
201792,0
201793,0
201794,2
201795,2
201796,2
201797,1
201798,1
201799,1
201800,1
201801,1
201802,0
201803,3
201804,3
201805,3
201806,3
201807,3
201808,0
201809,3
201810,1
201811,0
201812,1
201813,0
201814,0
201815,0
201816,0
201817,0
201818,0
201819,0
201820,0
201821,0
201822,0
201823,0
201824,2
201825,0
201826,0
201827,0
201828,0
201829,0
201830,0
201831,0
201832,2
201833,0
201834,0
201835,0
201836,2
201837,2
201838,0
201839,0
201840,0
201841,0
201842,0
201843,0
201844,0
201845,0
201846,0
201847,0
201848,0
201849,0
201850,0
201851,0
201852,0
201853,0
201854,0
201855,0
201856,0
201857,0
201858,0
201859,0
201860,0
201861,0
201862,0
201863,0
201864,0
201865,0
201866,0
201867,0
201868,0
201869,0
201870,0
201871,0
201872,0
201873,0
201874,0
201875,0
201876,0
201877,0
201878,0
201879,0
201880,0
201881,0
201882,1
201883,0
201884,0
201885,0
201886,0
201887,0
201888,0
201889,0
201890,0
201891,0
201892,1
201893,1
201894,1
201895,0
201896,0
201897,0
201898,0
201899,0
201900,0
201901,0
201902,0
201903,0
201904,0
201905,0
201906,4
201907,2
201908,2
201909,4
201910,1
201911,1
201912,0
201913,1
201914,1
201915,0
201916,0
201917,0
201918,1
201919,1
201920,2
201921,0
201922,0
201923,0
201924,0
201925,0
201926,0
201927,0
201928,0
201929,0
201930,0
201931,1
201932,0
201933,0
201934,0
201935,2
201936,2
201937,2
201938,0
201939,0
201940,0
201941,0
201942,0
201943,0
201944,0
201945,0
201946,0
201947,0
201948,0
201949,0
201950,0
201951,0
201952,0
201953,0
201954,0
201955,0
201956,0
201957,0
201958,1
201959,1
201960,1
201961,1
201962,0
201963,0
201964,0
201965,0
201966,0
201967,0
201968,0
201969,0
201970,0
201971,0
201972,0
201973,0
201974,0
201975,0
201976,0
201977,0
201978,0
201979,0
201980,0
201981,0
201982,0
201983,0
201984,0
201985,0
201986,0
201987,0
201988,1
201989,1
201990,1
201991,1
201992,1
201993,1
201994,1
201995,0
201996,0
201997,0
201998,0
201999,1
202000,0
202001,1
202002,0
202003,0
202004,1
202005,1
202006,1
202007,1
202008,1
202009,0
202010,1
202011,1
202012,1
202013,1
202014,1
202015,1
202016,0
202017,0
202018,1
202019,1
202020,0
202021,0
202022,0
202023,0
202024,0
202025,0
202026,0
202027,0
202028,0
202029,0
202030,2
202031,0
202032,0
202033,0
202034,0
202035,0
202036,0
202037,0
202038,0
202039,0
202040,0
202041,0
202042,0
202043,0
202044,0
202045,0
202046,0
202047,0
202048,0
202049,0
202050,0
202051,0
202052,0
202053,0
202054,0
202055,0
202056,0
202057,0
202058,0
202059,0
202060,0
202061,0
202062,0
202063,0
202064,0
202065,0
202066,0
202067,0
202068,1
202069,1
202070,1
202071,1
202072,0
202073,0
202074,0
202075,0
202076,0
202077,0
202078,0
202079,0
202080,0
202081,0
202082,0
202083,0
202084,0
202085,0
202086,0
202087,0
202088,0
202089,0
202090,0
202091,0
202092,0
202093,0
202094,0
202095,2
202096,0
202097,0
202098,0
202099,1
202100,1
202101,0
202102,0
202103,0
202104,0
202105,0
202106,0
202107,0
202108,0
202109,0
202110,0
202111,0
202112,0
202113,0
202114,2
202115,0
202116,0
202117,0
202118,0
202119,0
202120,0
202121,0
202122,0
202123,0
202124,0
202125,0
202126,0
202127,0
202128,0
202129,0
202130,0
202131,0
202132,0
202133,0
202134,0
202135,0
202136,0
202137,1
202138,0
202139,0
202140,0
202141,0
202142,0
202143,0
202144,0
202145,0
202146,0
202147,0
202148,0
202149,0
202150,0
202151,0
202152,0
202153,0
202154,0
202155,0
202156,0
202157,0
202158,0
202159,0
202160,0
202161,0
202162,0
202163,0
202164,0
202165,0
202166,0
202167,0
202168,0
202169,0
202170,0
202171,0
202172,0
202173,0
202174,0
202175,0
202176,0
202177,0
202178,0
202179,0
202180,0
202181,0
202182,1
202183,0
202184,0
202185,0
202186,0
202187,0
202188,0
202189,0
202190,2
202191,0
202192,0
202193,0
202194,0
202195,0
202196,0
202197,0
202198,0
202199,2
202200,0
202201,0
202202,0
202203,0
202204,0
202205,0
202206,0
202207,0
202208,0
202209,0
202210,0
202211,0
202212,0
202213,0
202214,0
202215,0
202216,1
202217,1
202218,0
202219,0
202220,0
202221,0
202222,0
202223,0
202224,1
202225,0
202226,0
202227,0
202228,0
202229,0
202230,1
202231,1
202232,0
202233,1
202234,1
202235,0
202236,0
202237,0
202238,0
202239,1
202240,1
202241,1
202242,1
202243,1
202244,1
202245,1
202246,1
202247,0
202248,0
202249,0
202250,0
202251,3
202252,3
202253,1
202254,3
202255,0
202256,3
202257,3
202258,1
202259,0
202260,0
202261,0
202262,0
202263,0
202264,0
202265,0
202266,0
202267,0
202268,0
202269,0
202270,0
202271,0
202272,0
202273,1
202274,1
202275,0
202276,2
202277,2
202278,0
202279,0
202280,0
202281,0
202282,0
202283,0
202284,0
202285,0
202286,1
202287,0
202288,0
202289,0
202290,0
202291,0
202292,1
202293,1
202294,0
202295,0
202296,1
202297,0
202298,0
202299,0
202300,0
202301,0
202302,1
202303,1
202304,1
202305,1
202306,1
202307,0
202308,0
202309,0
202310,0
202311,0
202312,0
202313,0
202314,0
202315,0
202316,0
202317,0
202318,0
202319,0
202320,0
202321,0
202322,1
202323,0
202324,0
202325,0
202326,0
202327,0
202328,0
202329,2
202330,2
202331,2
202332,2
202333,2
202334,2
202335,2
202336,2
202337,0
202338,0
202339,0
202340,0
202341,0
202342,0
202343,2
202344,2
202345,0
202346,0
202347,0
202348,0
202349,0
202350,0
202351,0
202352,0
202353,0
202354,0
202355,0
202356,0
202357,0
202358,0
202359,0
202360,0
202361,0
202362,0
202363,0
202364,0
202365,0
202366,0
202367,0
202368,0
202369,0
202370,0
202371,0
202372,0
202373,0
202374,0
202375,0
202376,0
202377,0
202378,0
202379,0
202380,2
202381,2
202382,2
202383,2
202384,2
202385,2
202386,0
202387,0
202388,0
202389,0
202390,0
202391,0
202392,0
202393,1
202394,1
202395,0
202396,0
202397,0
202398,0
202399,0
202400,0
202401,0
202402,0
202403,0
202404,0
202405,2
202406,0
202407,2
202408,2
202409,2
202410,2
202411,0
202412,0
202413,0
202414,0
202415,0
202416,2
202417,2
202418,0
202419,0
202420,0
202421,1
202422,0
202423,0
202424,0
202425,0
202426,0
202427,0
202428,0
202429,0
202430,0
202431,1
202432,1
202433,1
202434,1
202435,1
202436,1
202437,1
202438,1
202439,1
202440,0
202441,0
202442,0
202443,0
202444,0
202445,0
202446,0
202447,0
202448,0
202449,0
202450,0
202451,0
202452,1
202453,1
202454,1
202455,1
202456,1
202457,1
202458,1
202459,1
202460,1
202461,1
202462,1
202463,1
202464,0
202465,0
202466,0
202467,0
202468,2
202469,1
202470,1
202471,1
202472,0
202473,0
202474,0
202475,2
202476,2
202477,0
202478,2
202479,2
202480,2
202481,0
202482,0
202483,0
202484,0
202485,0
202486,2
202487,2
202488,0
202489,0
202490,0
202491,0
202492,2
202493,0
202494,0
202495,2
202496,2
202497,2
202498,0
202499,0
202500,0
202501,0
202502,0
202503,0
202504,0
202505,0
202506,0
202507,0
202508,0
202509,0
202510,0
202511,3
202512,1
202513,3
202514,0
202515,1
202516,1
202517,0
202518,0
202519,0
202520,0
202521,0
202522,0
202523,0
202524,0
202525,0
202526,0
202527,0
202528,0
202529,0
202530,0
202531,1
202532,0
202533,0
202534,0
202535,0
202536,0
202537,0
202538,0
202539,0
202540,0
202541,0
202542,0
202543,0
202544,0
202545,0
202546,0
202547,0
202548,0
202549,0
202550,0
202551,0
202552,0
202553,0
202554,0
202555,1
202556,1
202557,1
202558,1
202559,1
202560,1
202561,1
202562,1
202563,1
202564,0
202565,1
202566,1
202567,1
202568,1
202569,1
202570,0
202571,0
202572,1
202573,0
202574,2
202575,2
202576,2
202577,2
202578,2
202579,0
202580,0
202581,0
202582,0
202583,0
202584,0
202585,0
202586,2
202587,2
202588,0
202589,0
202590,0
202591,0
202592,0
202593,0
202594,0
202595,0
202596,0
202597,0
202598,0
202599,0
202600,2
202601,2
202602,2
202603,2
202604,2
202605,2
202606,2
202607,0
202608,0
202609,0
202610,0
202611,0
202612,0
202613,0
202614,0
202615,0
202616,0
202617,0
202618,0
202619,0
202620,0
202621,0
202622,0
202623,0
202624,1
202625,0
202626,0
202627,0
202628,1
202629,0
202630,0
202631,0
202632,0
202633,1
202634,1
202635,1
202636,0
202637,0
202638,0
202639,0
202640,0
202641,0
202642,0
202643,0
202644,0
202645,0
202646,0
202647,0
202648,1
202649,1
202650,0
202651,0
202652,0
202653,0
202654,0
202655,0
202656,2
202657,0
202658,2
202659,0
202660,2
202661,2
202662,0
202663,0
202664,0
202665,0
202666,0
202667,0
202668,0
202669,0
202670,0
202671,0
202672,0
202673,0
202674,0
202675,0
202676,0
202677,0
202678,0
202679,0
202680,0
202681,0
202682,0
202683,0
202684,0
202685,0
202686,0
202687,0
202688,0
202689,0
202690,0
202691,0
202692,0
202693,0
202694,0
202695,0
202696,0
202697,0
202698,0
202699,0
202700,0
202701,0
202702,0
202703,0
202704,0
202705,0
202706,0
202707,0
202708,0
202709,0
202710,0
202711,0
202712,0
202713,0
202714,0
202715,0
202716,0
202717,0
202718,0
202719,0
202720,0
202721,0
202722,0
202723,0
202724,0
202725,0
202726,0
202727,0
202728,0
202729,0
202730,0
202731,0
202732,0
202733,0
202734,4
202735,2
202736,2
202737,0
202738,0
202739,2
202740,1
202741,1
202742,0
202743,0
202744,0
202745,0
202746,0
202747,0
202748,0
202749,0
202750,0
202751,0
202752,0
202753,4
202754,1
202755,1
202756,0
202757,0
202758,0
202759,0
202760,4
202761,2
202762,2
202763,0
202764,0
202765,0
202766,0
202767,2
202768,2
202769,2
202770,2
202771,0
202772,0
202773,0
202774,0
202775,0
202776,0
202777,1
202778,0
202779,0
202780,0
202781,0
202782,0
202783,0
202784,0
202785,0
202786,1
202787,1
202788,1
202789,1
202790,1
202791,0
202792,0
202793,0
202794,0
202795,0
202796,0
202797,0
202798,0
202799,0
202800,0
202801,0
202802,0
202803,0
202804,0
202805,0
202806,0
202807,0
202808,0
202809,1
202810,0
202811,0
202812,0
202813,3
202814,1
202815,1
202816,1
202817,1
202818,0
202819,0
202820,0
202821,0
202822,0
202823,0
202824,0
202825,0
202826,0
202827,1
202828,1
202829,1
202830,1
202831,0
202832,0
202833,0
202834,1
202835,1
202836,0
202837,0
202838,0
202839,0
202840,1
202841,2
202842,2
202843,0
202844,0
202845,0
202846,0
202847,0
202848,0
202849,0
202850,0
202851,0
202852,2
202853,0
202854,0
202855,0
202856,2
202857,2
202858,2
202859,0
202860,0
202861,1
202862,0
202863,0
202864,0
202865,0
202866,0
202867,0
202868,0
202869,0
202870,0
202871,0
202872,0
202873,0
202874,0
202875,0
202876,0
202877,0
202878,0
202879,0
202880,0
202881,0
202882,0
202883,0
202884,0
202885,0
202886,0
202887,0
202888,0
202889,0
202890,0
202891,0
202892,0
202893,0
202894,0
202895,0
202896,0
202897,0
202898,0
202899,0
202900,0
202901,0
202902,0
202903,0
202904,0
202905,0
202906,0
202907,0
202908,0
202909,0
202910,0
202911,0
202912,0
202913,0
202914,0
202915,0
202916,0
202917,0
202918,0
202919,0
202920,0
202921,1
202922,1
202923,1
202924,0
202925,0
202926,0
202927,0
202928,1
202929,1
202930,1
202931,0
202932,0
202933,0
202934,1
202935,1
202936,1
202937,1
202938,1
202939,1
202940,0
202941,0
202942,0
202943,0
202944,0
202945,0
202946,0
202947,1
202948,0
202949,0
202950,0
202951,0
202952,0
202953,0
202954,0
202955,0
202956,0
202957,0
202958,0
202959,0
202960,0
202961,0
202962,1
202963,1
202964,0
202965,0
202966,0
202967,0
202968,0
202969,0
202970,2
202971,1
202972,2
202973,0
202974,0
202975,0
202976,2
202977,2
202978,0
202979,0
202980,0
202981,0
202982,0
202983,0
202984,0
202985,0
202986,0
202987,0
202988,0
202989,0
202990,0
202991,0
202992,0
202993,0
202994,0
202995,0
202996,0
202997,0
202998,0
202999,0
203000,0
203001,0
203002,0
203003,0
203004,0
203005,0
203006,0
203007,0
203008,0
203009,0
203010,0
203011,0
203012,0
203013,0
203014,0
203015,0
203016,0
203017,2
203018,2
203019,2
203020,2
203021,0
203022,0
203023,0
203024,2
203025,2
203026,0
203027,0
203028,1
203029,0
203030,0
203031,0
203032,0
203033,1
203034,0
203035,0
203036,1
203037,1
203038,1
203039,1
203040,1
203041,1
203042,1
203043,0
203044,0
203045,1
203046,0
203047,1
203048,0
203049,0
203050,0
203051,0
203052,0
203053,0
203054,1
203055,0
203056,0
203057,0
203058,0
203059,0
203060,2
203061,0
203062,0
203063,0
203064,0
203065,0
203066,0
203067,0
203068,0
203069,0
203070,0
203071,0
203072,0
203073,0
203074,0
203075,0
203076,0
203077,0
203078,0
203079,0
203080,0
203081,0
203082,0
203083,0
203084,0
203085,0
203086,0
203087,0
203088,0
203089,0
203090,0
203091,0
203092,0
203093,0
203094,2
203095,0
203096,2
203097,0
203098,0
203099,1
203100,1
203101,0
203102,1
203103,0
203104,1
203105,0
203106,0
203107,0
203108,0
203109,2
203110,2
203111,2
203112,0
203113,0
203114,0
203115,0
203116,0
203117,0
203118,0
203119,0
203120,0
203121,0
203122,0
203123,0
203124,0
203125,0
203126,0
203127,0
203128,0
203129,0
203130,0
203131,0
203132,2
203133,0
203134,2
203135,2
203136,0
203137,2
203138,0
203139,1
203140,1
203141,0
203142,0
203143,0
203144,0
203145,0
203146,0
203147,0
203148,0
203149,0
203150,1
203151,1
203152,0
203153,1
203154,0
203155,0
203156,1
203157,0
203158,2
203159,2
203160,2
203161,0
203162,0
203163,0
203164,0
203165,0
203166,0
203167,0
203168,1
203169,1
203170,1
203171,0
203172,0
203173,0
203174,1
203175,1
203176,1
203177,0
203178,2
203179,2
203180,0
203181,0
203182,0
203183,0
203184,0
203185,0
203186,0
203187,1
203188,0
203189,1
203190,0
203191,0
203192,0
203193,2
203194,2
203195,1
203196,1
203197,1
203198,0
203199,2
203200,2
203201,2
203202,0
203203,2
203204,0
203205,1
203206,0
203207,0
203208,0
203209,0
203210,0
203211,0
203212,0
203213,1
203214,1
203215,1
203216,0
203217,0
203218,0
203219,0
203220,0
203221,0
203222,0
203223,0
203224,0
203225,0
203226,0
203227,2
203228,0
203229,0
203230,0
203231,0
203232,2
203233,0
203234,0
203235,0
203236,0
203237,0
203238,0
203239,0
203240,0
203241,0
203242,0
203243,0
203244,0
203245,0
203246,0
203247,0
203248,0
203249,0
203250,0
203251,0
203252,0
203253,0
203254,0
203255,0
203256,0
203257,1
203258,1
203259,0
203260,0
203261,0
203262,0
203263,0
203264,0
203265,0
203266,0
203267,0
203268,0
203269,0
203270,0
203271,0
203272,0
203273,0
203274,0
203275,0
203276,0
203277,0
203278,0
203279,0
203280,2
203281,0
203282,0
203283,2
203284,2
203285,2
203286,0
203287,0
203288,0
203289,0
203290,0
203291,0
203292,0
203293,0
203294,0
203295,0
203296,2
203297,0
203298,0
203299,1
203300,1
203301,0
203302,0
203303,0
203304,0
203305,0
203306,0
203307,0
203308,0
203309,1
203310,1
203311,1
203312,1
203313,0
203314,0
203315,0
203316,0
203317,0
203318,2
203319,2
203320,0
203321,2
203322,2
203323,0
203324,0
203325,2
203326,0
203327,2
203328,0
203329,0
203330,0
203331,0
203332,0
203333,0
203334,0
203335,0
203336,0
203337,0
203338,0
203339,0
203340,0
203341,0
203342,0
203343,0
203344,0
203345,0
203346,0
203347,0
203348,0
203349,0
203350,0
203351,0
203352,1
203353,1
203354,1
203355,1
203356,1
203357,1
203358,1
203359,1
203360,1
203361,0
203362,0
203363,0
203364,0
203365,0
203366,0
203367,0
203368,0
203369,2
203370,2
203371,2
203372,2
203373,0
203374,0
203375,0
203376,0
203377,0
203378,1
203379,0
203380,0
203381,0
203382,0
203383,0
203384,0
203385,0
203386,0
203387,2
203388,2
203389,2
203390,0
203391,2
203392,2
203393,1
203394,1
203395,2
203396,0
203397,0
203398,0
203399,0
203400,0
203401,0
203402,1
203403,0
203404,0
203405,0
203406,1
203407,1
203408,0
203409,0
203410,0
203411,0
203412,0
203413,0
203414,0
203415,0
203416,0
203417,0
203418,0
203419,0
203420,0
203421,2
203422,2
203423,0
203424,0
203425,0
203426,0
203427,0
203428,0
203429,0
203430,1
203431,0
203432,0
203433,0
203434,0
203435,0
203436,0
203437,0
203438,0
203439,0
203440,0
203441,0
203442,0
203443,0
203444,0
203445,0
203446,0
203447,2
203448,2
203449,2
203450,2
203451,0
203452,0
203453,0
203454,0
203455,0
203456,0
203457,0
203458,0
203459,0
203460,0
203461,0
203462,0
203463,0
203464,0
203465,0
203466,0
203467,0
203468,0
203469,0
203470,0
203471,0
203472,0
203473,0
203474,0
203475,0
203476,0
203477,0
203478,0
203479,0
203480,0
203481,0
203482,0
203483,1
203484,1
203485,0
203486,0
203487,0
203488,1
203489,0
203490,0
203491,0
203492,0
203493,0
203494,0
203495,0
203496,0
203497,0
203498,1
203499,1
203500,0
203501,0
203502,0
203503,0
203504,0
203505,0
203506,0
203507,0
203508,0
203509,0
203510,0
203511,0
203512,0
203513,0
203514,0
203515,0
203516,0
203517,0
203518,1
203519,1
203520,1
203521,1
203522,1
203523,2
203524,0
203525,0
203526,0
203527,1
203528,1
203529,0
203530,0
203531,0
203532,0
203533,0
203534,1
203535,1
203536,1
203537,1
203538,0
203539,1
203540,1
203541,0
203542,0
203543,0
203544,0
203545,0
203546,0
203547,0
203548,0
203549,1
203550,1
203551,1
203552,0
203553,0
203554,0
203555,0
203556,0
203557,0
203558,0
203559,0
203560,4
203561,0
203562,0
203563,0
203564,0
203565,0
203566,0
203567,0
203568,0
203569,0
203570,0
203571,0
203572,0
203573,0
203574,0
203575,0
203576,4
203577,2
203578,0
203579,0
203580,2
203581,2
203582,0
203583,2
203584,2
203585,0
203586,0
203587,0
203588,0
203589,1
203590,0
203591,0
203592,0
203593,0
203594,0
203595,1
203596,0
203597,0
203598,0
203599,1
203600,1
203601,1
203602,0
203603,0
203604,0
203605,0
203606,0
203607,0
203608,0
203609,0
203610,0
203611,0
203612,1
203613,1
203614,0
203615,1
203616,1
203617,1
203618,0
203619,1
203620,1
203621,1
203622,0
203623,0
203624,0
203625,0
203626,1
203627,1
203628,1
203629,1
203630,0
203631,0
203632,0
203633,0
203634,0
203635,0
203636,0
203637,0
203638,0
203639,0
203640,0
203641,0
203642,0
203643,0
203644,0
203645,1
203646,1
203647,0
203648,0
203649,1
203650,1
203651,1
203652,1
203653,0
203654,0
203655,0
203656,0
203657,0
203658,0
203659,0
203660,0
203661,0
203662,0
203663,0
203664,0
203665,0
203666,0
203667,0
203668,2
203669,2
203670,0
203671,2
203672,2
203673,0
203674,0
203675,0
203676,0
203677,2
203678,0
203679,0
203680,0
203681,0
203682,0
203683,0
203684,0
203685,0
203686,0
203687,0
203688,0
203689,0
203690,0
203691,0
203692,0
203693,0
203694,0
203695,0
203696,0
203697,0
203698,0
203699,0
203700,0
203701,0
203702,0
203703,0
203704,1
203705,0
203706,0
203707,0
203708,0
203709,0
203710,0
203711,1
203712,0
203713,1
203714,0
203715,0
203716,0
203717,0
203718,0
203719,0
203720,3
203721,3
203722,3
203723,1
203724,0
203725,1
203726,1
203727,0
203728,0
203729,2
203730,1
203731,1
203732,0
203733,1
203734,0
203735,0
203736,0
203737,1
203738,1
203739,1
203740,1
203741,0
203742,0
203743,0
203744,0
203745,0
203746,0
203747,0
203748,0
203749,0
203750,0
203751,1
203752,1
203753,1
203754,0
203755,1
203756,1
203757,1
203758,1
203759,0
203760,0
203761,1
203762,1
203763,1
203764,1
203765,0
203766,0
203767,1
203768,1
203769,0
203770,1
203771,1
203772,1
203773,3
203774,1
203775,1
203776,0
203777,0
203778,2
203779,0
203780,0
203781,1
203782,1
203783,0
203784,0
203785,1
203786,0
203787,0
203788,1
203789,2
203790,0
203791,0
203792,0
203793,2
203794,2
203795,0
203796,2
203797,2
203798,2
203799,0
203800,0
203801,0
203802,0
203803,0
203804,0
203805,0
203806,0
203807,0
203808,0
203809,0
203810,0
203811,0
203812,2
203813,3
203814,1
203815,1
203816,1
203817,1
203818,0
203819,0
203820,0
203821,0
203822,1
203823,1
203824,1
203825,1
203826,0
203827,0
203828,0
203829,1
203830,1
203831,1
203832,1
203833,1
203834,1
203835,1
203836,0
203837,1
203838,0
203839,0
203840,0
203841,1
203842,0
203843,0
203844,0
203845,0
203846,1
203847,1
203848,1
203849,1
203850,1
203851,0
203852,1
203853,1
203854,0
203855,0
203856,0
203857,0
203858,0
203859,1
203860,0
203861,0
203862,0
203863,4
203864,4
203865,4
203866,2
203867,0
203868,2
203869,0
203870,0
203871,0
203872,0
203873,0
203874,0
203875,0
203876,0
203877,0
203878,0
203879,0
203880,2
203881,0
203882,0
203883,2
203884,0
203885,0
203886,0
203887,0
203888,2
203889,1
203890,1
203891,2
203892,0
203893,2
203894,2
203895,0
203896,0
203897,0
203898,0
203899,0
203900,0
203901,0
203902,0
203903,1
203904,1
203905,1
203906,0
203907,0
203908,0
203909,0
203910,1
203911,1
203912,0
203913,1
203914,1
203915,0
203916,0
203917,1
203918,0
203919,0
203920,0
203921,0
203922,0
203923,0
203924,0
203925,0
203926,0
203927,0
203928,0
203929,0
203930,0
203931,0
203932,2
203933,0
203934,0
203935,1
203936,1
203937,0
203938,0
203939,0
203940,0
203941,0
203942,0
203943,1
203944,0
203945,0
203946,0
203947,0
203948,1
203949,0
203950,0
203951,0
203952,0
203953,0
203954,0
203955,0
203956,0
203957,0
203958,0
203959,0
203960,0
203961,0
203962,0
203963,0
203964,0
203965,1
203966,0
203967,1
203968,1
203969,1
203970,1
203971,0
203972,1
203973,1
203974,1
203975,0
203976,0
203977,0
203978,0
203979,0
203980,0
203981,0
203982,0
203983,0
203984,0
203985,0
203986,0
203987,0
203988,0
203989,0
203990,0
203991,0
203992,0
203993,0
203994,0
203995,0
203996,0
203997,0
203998,0
203999,0
204000,0
204001,0
204002,0
204003,0
204004,0
204005,1
204006,0
204007,0
204008,0
204009,0
204010,2
204011,2
204012,2
204013,2
204014,2
204015,2
204016,1
204017,1
204018,0
204019,0
204020,0
204021,0
204022,0
204023,1
204024,1
204025,1
204026,1
204027,0
204028,0
204029,0
204030,0
204031,0
204032,0
204033,0
204034,0
204035,0
204036,2
204037,2
204038,0
204039,0
204040,0
204041,2
204042,0
204043,0
204044,0
204045,2
204046,0
204047,0
204048,0
204049,0
204050,0
204051,0
204052,0
204053,0
204054,0
204055,0
204056,0
204057,0
204058,0
204059,0
204060,0
204061,0
204062,0
204063,2
204064,2
204065,0
204066,1
204067,0
204068,0
204069,0
204070,0
204071,0
204072,0
204073,0
204074,0
204075,0
204076,0
204077,0
204078,0
204079,0
204080,0
204081,0
204082,0
204083,0
204084,1
204085,1
204086,1
204087,1
204088,0
204089,1
204090,1
204091,0
204092,0
204093,0
204094,0
204095,0
204096,0
204097,1
204098,1
204099,0
204100,0
204101,0
204102,0
204103,0
204104,0
204105,2
204106,0
204107,0
204108,0
204109,0
204110,0
204111,0
204112,0
204113,0
204114,0
204115,0
204116,0
204117,0
204118,0
204119,0
204120,0
204121,1
204122,1
204123,1
204124,0
204125,0
204126,0
204127,0
204128,0
204129,0
204130,0
204131,0
204132,0
204133,0
204134,0
204135,0
204136,0
204137,0
204138,0
204139,0
204140,0
204141,0
204142,0
204143,0
204144,0
204145,0
204146,0
204147,0
204148,0
204149,0
204150,4
204151,4
204152,2
204153,2
204154,0
204155,0
204156,0
204157,0
204158,0
204159,0
204160,0
204161,0
204162,0
204163,0
204164,0
204165,0
204166,0
204167,0
204168,0
204169,0
204170,0
204171,0
204172,0
204173,0
204174,0
204175,0
204176,0
204177,0
204178,0
204179,0
204180,0
204181,0
204182,0
204183,0
204184,0
204185,0
204186,0
204187,0
204188,0
204189,0
204190,0
204191,0
204192,2
204193,2
204194,0
204195,2
204196,0
204197,0
204198,0
204199,0
204200,0
204201,0
204202,0
204203,0
204204,2
204205,2
204206,2
204207,0
204208,0
204209,1
204210,0
204211,0
204212,0
204213,0
204214,0
204215,0
204216,0
204217,0
204218,0
204219,1
204220,1
204221,0
204222,0
204223,1
204224,0
204225,0
204226,0
204227,0
204228,0
204229,0
204230,0
204231,0
204232,0
204233,2
204234,1
204235,0
204236,2
204237,2
204238,2
204239,2
204240,0
204241,0
204242,0
204243,0
204244,0
204245,0
204246,0
204247,0
204248,2
204249,2
204250,0
204251,0
204252,2
204253,2
204254,2
204255,0
204256,0
204257,0
204258,0
204259,0
204260,0
204261,0
204262,0
204263,0
204264,0
204265,0
204266,0
204267,0
204268,0
204269,1
204270,1
204271,0
204272,0
204273,0
204274,0
204275,1
204276,0
204277,0
204278,0
204279,0
204280,0
204281,0
204282,0
204283,0
204284,0
204285,0
204286,0
204287,0
204288,0
204289,0
204290,0
204291,0
204292,1
204293,0
204294,0
204295,0
204296,0
204297,0
204298,0
204299,0
204300,0
204301,0
204302,0
204303,0
204304,0
204305,0
204306,0
204307,0
204308,0
204309,0
204310,0
204311,0
204312,0
204313,2
204314,1
204315,1
204316,1
204317,0
204318,2
204319,2
204320,2
204321,0
204322,0
204323,0
204324,0
204325,0
204326,0
204327,0
204328,0
204329,0
204330,0
204331,0
204332,2
204333,2
204334,2
204335,2
204336,2
204337,2
204338,4
204339,0
204340,0
204341,0
204342,0
204343,0
204344,0
204345,0
204346,0
204347,0
204348,0
204349,0
204350,0
204351,0
204352,0
204353,0
204354,0
204355,0
204356,2
204357,0
204358,1
204359,1
204360,0
204361,0
204362,0
204363,2
204364,2
204365,2
204366,2
204367,0
204368,0
204369,0
204370,2
204371,2
204372,2
204373,2
204374,0
204375,0
204376,0
204377,0
204378,0
204379,0
204380,0
204381,0
204382,0
204383,0
204384,0
204385,1
204386,1
204387,1
204388,0
204389,1
204390,1
204391,0
204392,0
204393,1
204394,2
204395,2
204396,0
204397,0
204398,2
204399,0
204400,0
204401,0
204402,0
204403,0
204404,0
204405,0
204406,0
204407,0
204408,0
204409,0
204410,0
204411,0
204412,2
204413,0
204414,0
204415,0
204416,0
204417,1
204418,1
204419,1
204420,1
204421,0
204422,0
204423,0
204424,0
204425,0
204426,0
204427,1
204428,0
204429,0
204430,1
204431,0
204432,0
204433,0
204434,0
204435,0
204436,2
204437,1
204438,1
204439,0
204440,0
204441,0
204442,0
204443,0
204444,0
204445,0
204446,0
204447,1
204448,0
204449,0
204450,0
204451,0
204452,0
204453,0
204454,0
204455,0
204456,0
204457,0
204458,0
204459,0
204460,0
204461,0
204462,0
204463,0
204464,1
204465,1
204466,1
204467,1
204468,1
204469,1
204470,1
204471,0
204472,0
204473,0
204474,0
204475,0
204476,0
204477,0
204478,0
204479,0
204480,0
204481,0
204482,0
204483,0
204484,0
204485,0
204486,0
204487,0
204488,0
204489,0
204490,0
204491,0
204492,0
204493,0
204494,0
204495,0
204496,0
204497,0
204498,0
204499,0
204500,0
204501,0
204502,0
204503,0
204504,0
204505,0
204506,0
204507,0
204508,0
204509,0
204510,0
204511,0
204512,0
204513,0
204514,0
204515,0
204516,0
204517,0
204518,1
204519,1
204520,1
204521,1
204522,0
204523,0
204524,0
204525,1
204526,1
204527,1
204528,0
204529,0
204530,0
204531,0
204532,0
204533,0
204534,0
204535,0
204536,0
204537,0
204538,0
204539,0
204540,0
204541,0
204542,0
204543,2
204544,2
204545,2
204546,2
204547,0
204548,0
204549,0
204550,0
204551,0
204552,0
204553,0
204554,0
204555,0
204556,0
204557,0
204558,1
204559,0
204560,0
204561,0
204562,0
204563,0
204564,0
204565,0
204566,1
204567,1
204568,1
204569,1
204570,0
204571,0
204572,1
204573,2
204574,0
204575,0
204576,0
204577,0
204578,0
204579,0
204580,0
204581,0
204582,0
204583,0
204584,1
204585,1
204586,0
204587,0
204588,0
204589,0
204590,1
204591,1
204592,0
204593,0
204594,0
204595,0
204596,0
204597,1
204598,0
204599,0
204600,0
204601,3
204602,1
204603,0
204604,0
204605,2
204606,0
204607,0
204608,2
204609,0
204610,1
204611,0
204612,0
204613,0
204614,0
204615,1
204616,1
204617,1
204618,1
204619,0
204620,0
204621,0
204622,0
204623,0
204624,0
204625,0
204626,0
204627,0
204628,0
204629,0
204630,2
204631,2
204632,2
204633,2
204634,0
204635,0
204636,1
204637,1
204638,0
204639,0
204640,0
204641,0
204642,0
204643,0
204644,0
204645,0
204646,1
204647,1
204648,1
204649,1
204650,0
204651,0
204652,0
204653,0
204654,0
204655,1
204656,1
204657,1
204658,1
204659,0
204660,1
204661,1
204662,1
204663,1
204664,1
204665,1
204666,1
204667,1
204668,0
204669,1
204670,0
204671,1
204672,0
204673,0
204674,0
204675,0
204676,0
204677,0
204678,0
204679,0
204680,0
204681,1
204682,0
204683,0
204684,0
204685,0
204686,0
204687,0
204688,1
204689,0
204690,0
204691,0
204692,0
204693,0
204694,0
204695,0
204696,0
204697,0
204698,0
204699,0
204700,1
204701,0
204702,0
204703,0
204704,0
204705,0
204706,0
204707,0
204708,1
204709,1
204710,1
204711,1
204712,0
204713,0
204714,1
204715,1
204716,1
204717,0
204718,0
204719,0
204720,0
204721,0
204722,0
204723,0
204724,0
204725,0
204726,2
204727,2
204728,2
204729,0
204730,0
204731,0
204732,0
204733,0
204734,0
204735,0
204736,0
204737,0
204738,0
204739,0
204740,0
204741,0
204742,0
204743,0
204744,0
204745,0
204746,0
204747,0
204748,0
204749,0
204750,0
204751,1
204752,0
204753,0
204754,0
204755,0
204756,0
204757,0
204758,0
204759,1
204760,1
204761,1
204762,1
204763,1
204764,0
204765,1
204766,0
204767,1
204768,1
204769,3
204770,0
204771,0
204772,0
204773,0
204774,0
204775,0
204776,0
204777,0
204778,0
204779,0
204780,0
204781,0
204782,0
204783,0
204784,1
204785,1
204786,1
204787,1
204788,0
204789,0
204790,0
204791,1
204792,1
204793,1
204794,1
204795,1
204796,1
204797,1
204798,0
204799,0
204800,0
204801,0
204802,0
204803,1
204804,0
204805,0
204806,0
204807,0
204808,0
204809,0
204810,0
204811,0
204812,0
204813,0
204814,0
204815,0
204816,0
204817,0
204818,0
204819,0
204820,0
204821,0
204822,0
204823,0
204824,0
204825,0
204826,0
204827,0
204828,0
204829,1
204830,0
204831,0
204832,0
204833,1
204834,1
204835,1
204836,1
204837,0
204838,0
204839,0
204840,1
204841,1
204842,0
204843,0
204844,0
204845,0
204846,0
204847,0
204848,0
204849,0
204850,0
204851,0
204852,0
204853,0
204854,0
204855,0
204856,0
204857,0
204858,0
204859,0
204860,0
204861,2
204862,0
204863,0
204864,0
204865,0
204866,0
204867,0
204868,0
204869,0
204870,0
204871,0
204872,0
204873,0
204874,0
204875,0
204876,1
204877,1
204878,0
204879,1
204880,0
204881,1
204882,1
204883,1
204884,0
204885,0
204886,0
204887,0
204888,0
204889,0
204890,0
204891,0
204892,0
204893,0
204894,0
204895,0
204896,0
204897,0
204898,0
204899,0
204900,0
204901,0
204902,0
204903,2
204904,0
204905,0
204906,0
204907,1
204908,0
204909,1
204910,0
204911,0
204912,1
204913,1
204914,0
204915,1
204916,1
204917,1
204918,1
204919,1
204920,1
204921,1
204922,0
204923,0
204924,0
204925,0
204926,0
204927,2
204928,0
204929,0
204930,0
204931,0
204932,0
204933,0
204934,0
204935,0
204936,0
204937,0
204938,0
204939,0
204940,0
204941,0
204942,2
204943,0
204944,0
204945,0
204946,0
204947,0
204948,0
204949,0
204950,0
204951,0
204952,0
204953,0
204954,0
204955,2
204956,2
204957,2
204958,2
204959,2
204960,0
204961,0
204962,0
204963,0
204964,2
204965,0
204966,0
204967,0
204968,0
204969,0
204970,0
204971,0
204972,0
204973,0
204974,0
204975,0
204976,0
204977,0
204978,0
204979,0
204980,0
204981,1
204982,1
204983,1
204984,1
204985,0
204986,0
204987,0
204988,0
204989,0
204990,0
204991,0
204992,0
204993,0
204994,0
204995,0
204996,0
204997,0
204998,1
204999,1
205000,0
205001,0
205002,0
205003,1
205004,1
205005,1
205006,0
205007,0
205008,0
205009,0
205010,0
205011,0
205012,0
205013,0
205014,0
205015,2
205016,0
205017,0
205018,0
205019,0
205020,0
205021,0
205022,0
205023,0
205024,0
205025,0
205026,0
205027,0
205028,0
205029,0
205030,0
205031,0
205032,0
205033,0
205034,0
205035,0
205036,0
205037,0
205038,0
205039,0
205040,0
205041,0
205042,0
205043,0
205044,0
205045,0
205046,0
205047,0
205048,0
205049,0
205050,2
205051,2
205052,2
205053,2
205054,2
205055,0
205056,0
205057,2
205058,2
205059,0
205060,0
205061,0
205062,0
205063,0
205064,0
205065,0
205066,0
205067,0
205068,0
205069,0
205070,0
205071,0
205072,0
205073,0
205074,0
205075,0
205076,0
205077,0
205078,0
205079,0
205080,0
205081,0
205082,0
205083,0
205084,0
205085,0
205086,0
205087,0
205088,0
205089,0
205090,0
205091,0
205092,0
205093,0
205094,0
205095,2
205096,0
205097,0
205098,0
205099,0
205100,0
205101,0
205102,0
205103,0
205104,0
205105,0
205106,0
205107,0
205108,0
205109,0
205110,0
205111,0
205112,2
205113,2
205114,2
205115,2
205116,2
205117,2
205118,2
205119,2
205120,0
205121,4
205122,4
205123,0
205124,0
205125,2
205126,2
205127,2
205128,2
205129,1
205130,0
205131,0
205132,0
205133,1
205134,0
205135,0
205136,0
205137,1
205138,4
205139,0
205140,0
205141,4
205142,2
205143,2
205144,4
205145,0
205146,2
205147,2
205148,2
205149,2
205150,2
205151,2
205152,0
205153,0
205154,0
205155,0
205156,0
205157,0
205158,0
205159,0
205160,0
205161,1
205162,0
205163,0
205164,0
205165,0
205166,0
205167,0
205168,0
205169,0
205170,0
205171,0
205172,0
205173,0
205174,0
205175,0
205176,0
205177,0
205178,1
205179,0
205180,1
205181,1
205182,1
205183,1
205184,0
205185,0
205186,0
205187,2
205188,0
205189,0
205190,0
205191,0
205192,0
205193,0
205194,0
205195,0
205196,0
205197,0
205198,0
205199,0
205200,0
205201,0
205202,0
205203,0
205204,0
205205,0
205206,0
205207,0
205208,0
205209,0
205210,0
205211,0
205212,0
205213,0
205214,0
205215,0
205216,0
205217,0
205218,0
205219,0
205220,0
205221,1
205222,1
205223,0
205224,0
205225,0
205226,0
205227,0
205228,1
205229,1
205230,0
205231,0
205232,1
205233,0
205234,0
205235,0
205236,0
205237,0
205238,0
205239,0
205240,0
205241,0
205242,0
205243,4
205244,2
205245,0
205246,0
205247,0
205248,0
205249,2
205250,0
205251,0
205252,0
205253,0
205254,2
205255,0
205256,0
205257,2
205258,0
205259,2
205260,0
205261,0
205262,0
205263,0
205264,0
205265,0
205266,0
205267,0
205268,0
205269,0
205270,2
205271,2
205272,1
205273,0
205274,0
205275,0
205276,0
205277,0
205278,0
205279,0
205280,0
205281,0
205282,0
205283,0
205284,0
205285,2
205286,2
205287,2
205288,2
205289,2
205290,2
205291,0
205292,0
205293,0
205294,0
205295,0
205296,2
205297,2
205298,1
205299,1
205300,0
205301,2
205302,2
205303,2
205304,2
205305,2
205306,0
205307,0
205308,1
205309,0
205310,0
205311,0
205312,0
205313,4
205314,1
205315,1
205316,0
205317,1
205318,1
205319,1
205320,1
205321,1
205322,1
205323,0
205324,0
205325,0
205326,4
205327,2
205328,2
205329,2
205330,2
205331,0
205332,0
205333,0
205334,0
205335,0
205336,2
205337,2
205338,2
205339,2
205340,2
205341,1
205342,0
205343,0
205344,0
205345,0
205346,0
205347,0
205348,0
205349,0
205350,0
205351,0
205352,0
205353,0
205354,0
205355,0
205356,0
205357,0
205358,0
205359,2
205360,0
205361,0
205362,0
205363,0
205364,0
205365,0
205366,0
205367,0
205368,0
205369,0
205370,0
205371,0
205372,0
205373,0
205374,0
205375,0
205376,0
205377,0
205378,0
205379,0
205380,0
205381,0
205382,0
205383,0
205384,0
205385,0
205386,2
205387,2
205388,0
205389,0
205390,0
205391,0
205392,0
205393,0
205394,0
205395,0
205396,0
205397,0
205398,0
205399,1
205400,1
205401,1
205402,1
205403,0
205404,1
205405,1
205406,1
205407,1
205408,1
205409,1
205410,0
205411,0
205412,0
205413,0
205414,1
205415,1
205416,0
205417,0
205418,0
205419,0
205420,0
205421,0
205422,0
205423,1
205424,1
205425,1
205426,1
205427,1
205428,1
205429,0
205430,1
205431,1
205432,0
205433,0
205434,0
205435,0
205436,0
205437,0
205438,2
205439,2
205440,0
205441,1
205442,1
205443,1
205444,0
205445,0
205446,0
205447,0
205448,0
205449,0
205450,0
205451,0
205452,0
205453,0
205454,0
205455,0
205456,0
205457,1
205458,1
205459,1
205460,0
205461,0
205462,1
205463,1
205464,0
205465,0
205466,0
205467,0
205468,0
205469,0
205470,1
205471,1
205472,0
205473,0
205474,1
205475,1
205476,1
205477,1
205478,0
205479,0
205480,1
205481,0
205482,0
205483,0
205484,0
205485,0
205486,0
205487,0
205488,0
205489,0
205490,0
205491,0
205492,0
205493,0
205494,0
205495,0
205496,0
205497,0
205498,0
205499,0
205500,0
205501,0
205502,0
205503,0
205504,0
205505,0
205506,1
205507,0
205508,1
205509,0
205510,0
205511,0
205512,0
205513,0
205514,0
205515,0
205516,0
205517,1
205518,1
205519,1
205520,1
205521,0
205522,2
205523,2
205524,2
205525,0
205526,0
205527,0
205528,0
205529,0
205530,2
205531,2
205532,2
205533,2
205534,0
205535,2
205536,0
205537,2
205538,2
205539,0
205540,0
205541,0
205542,2
205543,0
205544,2
205545,2
205546,2
205547,2
205548,0
205549,0
205550,0
205551,0
205552,0
205553,0
205554,0
205555,0
205556,0
205557,0
205558,0
205559,0
205560,0
205561,0
205562,0
205563,0
205564,0
205565,0
205566,0
205567,2
205568,2
205569,0
205570,0
205571,0
205572,0
205573,0
205574,0
205575,0
205576,0
205577,0
205578,0
205579,0
205580,0
205581,0
205582,0
205583,0
205584,0
205585,0
205586,0
205587,0
205588,0
205589,0
205590,2
205591,0
205592,0
205593,0
205594,0
205595,0
205596,2
205597,0
205598,0
205599,0
205600,0
205601,0
205602,0
205603,0
205604,0
205605,0
205606,0
205607,0
205608,0
205609,0
205610,0
205611,0
205612,1
205613,1
205614,1
205615,0
205616,1
205617,2
205618,4
205619,2
205620,2
205621,4
205622,0
205623,0
205624,1
205625,1
205626,1
205627,1
205628,0
205629,1
205630,1
205631,0
205632,1
205633,1
205634,0
205635,0
205636,0
205637,0
205638,0
205639,0
205640,0
205641,0
205642,0
205643,2
205644,2
205645,1
205646,1
205647,1
205648,0
205649,1
205650,1
205651,0
205652,2
205653,0
205654,0
205655,2
205656,0
205657,0
205658,0
205659,0
205660,1
205661,1
205662,0
205663,1
205664,1
205665,1
205666,0
205667,2
205668,0
205669,0
205670,2
205671,1
205672,2
205673,2
205674,1
205675,1
205676,1
205677,1
205678,0
205679,0
205680,0
205681,0
205682,0
205683,3
205684,0
205685,3
205686,1
205687,1
205688,1
205689,1
205690,1
205691,1
205692,1
205693,1
205694,0
205695,0
205696,2
205697,0
205698,0
205699,0
205700,1
205701,1
205702,0
205703,0
205704,0
205705,0
205706,2
205707,0
205708,0
205709,2
205710,2
205711,2
205712,2
205713,0
205714,0
205715,2
205716,2
205717,0
205718,0
205719,0
205720,0
205721,0
205722,0
205723,0
205724,0
205725,0
205726,0
205727,2
205728,2
205729,2
205730,0
205731,0
205732,2
205733,2
205734,2
205735,2
205736,2
205737,0
205738,0
205739,0
205740,0
205741,0
205742,0
205743,0
205744,0
205745,0
205746,1
205747,0
205748,0
205749,0
205750,0
205751,0
205752,0
205753,0
205754,0
205755,0
205756,0
205757,0
205758,0
205759,0
205760,0
205761,0
205762,0
205763,0
205764,0
205765,0
205766,0
205767,0
205768,0
205769,0
205770,0
205771,0
205772,0
205773,0
205774,0
205775,1
205776,1
205777,1
205778,1
205779,1
205780,0
205781,1
205782,1
205783,0
205784,0
205785,0
205786,0
205787,0
205788,0
205789,0
205790,0
205791,0
205792,0
205793,0
205794,2
205795,2
205796,1
205797,2
205798,1
205799,1
205800,0
205801,1
205802,0
205803,0
205804,1
205805,1
205806,1
205807,0
205808,0
205809,0
205810,0
205811,0
205812,0
205813,0
205814,0
205815,0
205816,0
205817,0
205818,0
205819,0
205820,0
205821,0
205822,0
205823,0
205824,0
205825,0
205826,0
205827,0
205828,2
205829,2
205830,2
205831,1
205832,1
205833,2
205834,2
205835,0
205836,1
205837,1
205838,0
205839,1
205840,3
205841,1
205842,0
205843,1
205844,0
205845,0
205846,0
205847,1
205848,1
205849,0
205850,0
205851,0
205852,0
205853,0
205854,0
205855,1
205856,1
205857,0
205858,1
205859,1
205860,0
205861,0
205862,0
205863,0
205864,0
205865,0
205866,1
205867,0
205868,0
205869,0
205870,1
205871,1
205872,1
205873,1
205874,1
205875,1
205876,1
205877,1
205878,2
205879,2
205880,0
205881,0
205882,0
205883,0
205884,0
205885,0
205886,0
205887,0
205888,0
205889,0
205890,0
205891,2
205892,0
205893,2
205894,0
205895,0
205896,2
205897,2
205898,2
205899,2
205900,0
205901,1
205902,2
205903,2
205904,0
205905,0
205906,0
205907,0
205908,0
205909,0
205910,0
205911,0
205912,0
205913,0
205914,0
205915,0
205916,1
205917,0
205918,0
205919,0
205920,0
205921,0
205922,0
205923,0
205924,0
205925,0
205926,0
205927,0
205928,1
205929,1
205930,1
205931,1
205932,0
205933,1
205934,1
205935,0
205936,2
205937,1
205938,1
205939,0
205940,2
205941,2
205942,1
205943,1
205944,1
205945,0
205946,0
205947,0
205948,0
205949,0
205950,0
205951,0
205952,0
205953,0
205954,2
205955,2
205956,0
205957,0
205958,0
205959,1
205960,1
205961,0
205962,0
205963,0
205964,0
205965,0
205966,1
205967,0
205968,2
205969,0
205970,0
205971,1
205972,1
205973,1
205974,1
205975,0
205976,0
205977,0
205978,0
205979,1
205980,1
205981,0
205982,0
205983,0
205984,0
205985,0
205986,0
205987,0
205988,0
205989,0
205990,0
205991,0
205992,0
205993,0
205994,0
205995,0
205996,0
205997,1
205998,1
205999,1
206000,1
206001,1
206002,1
206003,0
206004,1
206005,1
206006,1
206007,1
206008,1
206009,1
206010,0
206011,0
206012,0
206013,0
206014,0
206015,0
206016,0
206017,0
206018,1
206019,0
206020,1
206021,0
206022,1
206023,1
206024,0
206025,0
206026,1
206027,1
206028,0
206029,0
206030,0
206031,0
206032,1
206033,1
206034,0
206035,0
206036,1
206037,1
206038,1
206039,1
206040,1
206041,1
206042,1
206043,1
206044,0
206045,1
206046,0
206047,2
206048,4
206049,4
206050,0
206051,1
206052,1
206053,1
206054,0
206055,2
206056,0
206057,0
206058,0
206059,0
206060,2
206061,0
206062,0
206063,0
206064,0
206065,0
206066,0
206067,0
206068,0
206069,0
206070,0
206071,0
206072,3
206073,1
206074,0
206075,1
206076,1
206077,0
206078,0
206079,0
206080,0
206081,0
206082,0
206083,0
206084,0
206085,0
206086,0
206087,2
206088,0
206089,0
206090,0
206091,0
206092,0
206093,0
206094,0
206095,0
206096,0
206097,0
206098,0
206099,0
206100,0
206101,0
206102,0
206103,0
206104,0
206105,0
206106,0
206107,0
206108,0
206109,0
206110,2
206111,1
206112,1
206113,0
206114,2
206115,2
206116,0
206117,0
206118,0
206119,0
206120,2
206121,2
206122,2
206123,0
206124,0
206125,0
206126,2
206127,2
206128,2
206129,2
206130,2
206131,2
206132,2
206133,0
206134,2
206135,0
206136,0
206137,0
206138,0
206139,0
206140,0
206141,0
206142,0
206143,1
206144,0
206145,0
206146,0
206147,0
206148,0
206149,1
206150,1
206151,0
206152,0
206153,0
206154,0
206155,0
206156,1
206157,1
206158,0
206159,0
206160,0
206161,1
206162,0
206163,0
206164,0
206165,1
206166,1
206167,1
206168,0
206169,0
206170,0
206171,0
206172,1
206173,1
206174,0
206175,0
206176,0
206177,0
206178,0
206179,0
206180,0
206181,0
206182,0
206183,1
206184,0
206185,0
206186,4
206187,4
206188,1
206189,0
206190,0
206191,0
206192,2
206193,2
206194,4
206195,2
206196,0
206197,4
206198,1
206199,1
206200,1
206201,0
206202,0
206203,0
206204,0
206205,0
206206,0
206207,0
206208,0
206209,0
206210,0
206211,0
206212,0
206213,0
206214,0
206215,0
206216,0
206217,0
206218,0
206219,0
206220,0
206221,0
206222,0
206223,0
206224,1
206225,0
206226,0
206227,0
206228,0
206229,0
206230,1
206231,0
206232,1
206233,1
206234,0
206235,1
206236,0
206237,0
206238,0
206239,4
206240,4
206241,2
206242,0
206243,0
206244,0
206245,0
206246,0
206247,2
206248,2
206249,0
206250,0
206251,0
206252,0
206253,0
206254,0
206255,0
206256,0
206257,0
206258,0
206259,0
206260,0
206261,0
206262,0
206263,0
206264,0
206265,0
206266,0
206267,1
206268,1
206269,0
206270,1
206271,0
206272,0
206273,0
206274,0
206275,0
206276,0
206277,0
206278,0
206279,0
206280,0
206281,0
206282,0
206283,0
206284,0
206285,0
206286,0
206287,0
206288,0
206289,0
206290,0
206291,1
206292,1
206293,0
206294,1
206295,1
206296,1
206297,1
206298,0
206299,1
206300,1
206301,0
206302,0
206303,0
206304,0
206305,1
206306,1
206307,1
206308,0
206309,1
206310,1
206311,1
206312,0
206313,0
206314,0
206315,0
206316,0
206317,0
206318,0
206319,0
206320,3
206321,1
206322,0
206323,1
206324,1
206325,0
206326,3
206327,1
206328,0
206329,0
206330,0
206331,3
206332,1
206333,1
206334,1
206335,1
206336,1
206337,1
206338,1
206339,1
206340,1
206341,0
206342,1
206343,1
206344,0
206345,0
206346,1
206347,0
206348,1
206349,0
206350,1
206351,0
206352,0
206353,0
206354,1
206355,2
206356,1
206357,1
206358,1
206359,1
206360,0
206361,0
206362,0
206363,0
206364,0
206365,0
206366,0
206367,0
206368,2
206369,0
206370,0
206371,2
206372,2
206373,2
206374,0
206375,0
206376,0
206377,0
206378,2
206379,2
206380,0
206381,2
206382,2
206383,2
206384,0
206385,2
206386,2
206387,2
206388,2
206389,2
206390,2
206391,2
206392,2
206393,2
206394,2
206395,2
206396,2
206397,2
206398,0
206399,0
206400,0
206401,2
206402,0
206403,0
206404,0
206405,0
206406,0
206407,0
206408,0
206409,0
206410,0
206411,0
206412,1
206413,1
206414,1
206415,1
206416,1
206417,1
206418,1
206419,1
206420,0
206421,0
206422,0
206423,0
206424,0
206425,0
206426,0
206427,0
206428,0
206429,0
206430,0
206431,0
206432,0
206433,0
206434,0
206435,0
206436,0
206437,0
206438,0
206439,0
206440,0
206441,0
206442,0
206443,0
206444,3
206445,1
206446,1
206447,1
206448,1
206449,1
206450,2
206451,2
206452,2
206453,2
206454,0
206455,0
206456,0
206457,0
206458,0
206459,0
206460,0
206461,0
206462,0
206463,0
206464,0
206465,0
206466,0
206467,0
206468,0
206469,1
206470,1
206471,1
206472,1
206473,1
206474,0
206475,0
206476,0
206477,0
206478,0
206479,0
206480,0
206481,0
206482,0
206483,0
206484,0
206485,0
206486,0
206487,0
206488,0
206489,0
206490,0
206491,0
206492,0
206493,0
206494,0
206495,0
206496,0
206497,0
206498,0
206499,2
206500,2
206501,2
206502,2
206503,1
206504,0
206505,0
206506,0
206507,0
206508,2
206509,2
206510,0
206511,1
206512,1
206513,1
206514,0
206515,0
206516,0
206517,0
206518,0
206519,0
206520,0
206521,0
206522,0
206523,0
206524,0
206525,2
206526,2
206527,0
206528,0
206529,0
206530,0
206531,2
206532,2
206533,2
206534,2
206535,1
206536,0
206537,0
206538,0
206539,0
206540,0
206541,0
206542,0
206543,1
206544,1
206545,1
206546,1
206547,1
206548,1
206549,1
206550,1
206551,1
206552,1
206553,1
206554,1
206555,1
206556,0
206557,0
206558,0
206559,0
206560,0
206561,0
206562,0
206563,0
206564,0
206565,0
206566,1
206567,1
206568,1
206569,0
206570,0
206571,2
206572,2
206573,0
206574,0
206575,0
206576,2
206577,0
206578,0
206579,0
206580,0
206581,2
206582,2
206583,2
206584,2
206585,2
206586,2
206587,0
206588,2
206589,4
206590,4
206591,2
206592,1
206593,0
206594,0
206595,0
206596,0
206597,0
206598,0
206599,0
206600,0
206601,0
206602,0
206603,0
206604,0
206605,2
206606,0
206607,0
206608,0
206609,0
206610,0
206611,0
206612,0
206613,0
206614,1
206615,1
206616,1
206617,1
206618,1
206619,1
206620,1
206621,0
206622,0
206623,0
206624,1
206625,1
206626,1
206627,1
206628,1
206629,1
206630,1
206631,0
206632,0
206633,0
206634,1
206635,0
206636,0
206637,0
206638,1
206639,1
206640,0
206641,0
206642,0
206643,0
206644,0
206645,0
206646,1
206647,1
206648,1
206649,1
206650,1
206651,0
206652,1
206653,1
206654,1
206655,0
206656,0
206657,0
206658,0
206659,0
206660,0
206661,0
206662,0
206663,0
206664,0
206665,0
206666,0
206667,2
206668,2
206669,1
206670,1
206671,1
206672,0
206673,0
206674,0
206675,0
206676,1
206677,1
206678,0
206679,1
206680,0
206681,0
206682,2
206683,0
206684,0
206685,2
206686,2
206687,2
206688,2
206689,2
206690,2
206691,1
206692,0
206693,0
206694,0
206695,0
206696,0
206697,4
206698,2
206699,0
206700,0
206701,0
206702,0
206703,0
206704,0
206705,0
206706,0
206707,0
206708,0
206709,0
206710,0
206711,0
206712,0
206713,1
206714,1
206715,0
206716,0
206717,0
206718,0
206719,0
206720,0
206721,0
206722,0
206723,0
206724,1
206725,1
206726,1
206727,1
206728,1
206729,1
206730,0
206731,0
206732,0
206733,0
206734,0
206735,0
206736,0
206737,0
206738,0
206739,0
206740,0
206741,0
206742,0
206743,0
206744,0
206745,0
206746,0
206747,0
206748,0
206749,0
206750,0
206751,0
206752,0
206753,0
206754,1
206755,0
206756,0
206757,1
206758,0
206759,0
206760,0
206761,0
206762,0
206763,1
206764,1
206765,0
206766,0
206767,0
206768,0
206769,0
206770,2
206771,0
206772,0
206773,2
206774,2
206775,2
206776,0
206777,0
206778,0
206779,0
206780,2
206781,0
206782,0
206783,0
206784,0
206785,0
206786,0
206787,0
206788,0
206789,0
206790,2
206791,2
206792,2
206793,0
206794,2
206795,2
206796,0
206797,2
206798,0
206799,0
206800,0
206801,0
206802,0
206803,0
206804,0
206805,0
206806,0
206807,0
206808,0
206809,0
206810,0
206811,0
206812,0
206813,0
206814,0
206815,0
206816,0
206817,0
206818,0
206819,0
206820,0
206821,0
206822,0
206823,0
206824,0
206825,0
206826,0
206827,0
206828,0
206829,0
206830,0
206831,0
206832,0
206833,0
206834,0
206835,2
206836,2
206837,0
206838,0
206839,0
206840,0
206841,0
206842,0
206843,0
206844,0
206845,0
206846,0
206847,0
206848,0
206849,0
206850,0
206851,0
206852,0
206853,0
206854,0
206855,2
206856,2
206857,2
206858,2
206859,0
206860,1
206861,0
206862,2
206863,2
206864,0
206865,2
206866,2
206867,0
206868,2
206869,0
206870,0
206871,0
206872,0
206873,0
206874,0
206875,0
206876,0
206877,0
206878,0
206879,0
206880,0
206881,0
206882,1
206883,1
206884,0
206885,0
206886,0
206887,0
206888,0
206889,0
206890,0
206891,0
206892,0
206893,0
206894,0
206895,4
206896,1
206897,1
206898,4
206899,1
206900,0
206901,0
206902,2
206903,0
206904,2
206905,2
206906,0
206907,0
206908,2
206909,2
206910,0
206911,1
206912,0
206913,2
206914,0
206915,0
206916,0
206917,0
206918,1
206919,0
206920,0
206921,0
206922,0
206923,0
206924,0
206925,0
206926,0
206927,0
206928,0
206929,0
206930,0
206931,0
206932,0
206933,0
206934,0
206935,0
206936,0
206937,2
206938,2
206939,2
206940,2
206941,1
206942,2
206943,2
206944,0
206945,0
206946,2
206947,2
206948,2
206949,2
206950,2
206951,0
206952,2
206953,2
206954,0
206955,0
206956,2
206957,2
206958,0
206959,0
206960,1
206961,0
206962,0
206963,1
206964,1
206965,1
206966,1
206967,0
206968,0
206969,0
206970,0
206971,0
206972,0
206973,0
206974,0
206975,0
206976,0
206977,0
206978,0
206979,0
206980,0
206981,0
206982,0
206983,0
206984,0
206985,0
206986,0
206987,0
206988,4
206989,4
206990,4
206991,4
206992,4
206993,2
206994,0
206995,2
206996,1
206997,1
206998,1
206999,1
207000,1
207001,1
207002,0
207003,0
207004,0
207005,0
207006,0
207007,0
207008,0
207009,0
207010,0
207011,0
207012,0
207013,0
207014,0
207015,0
207016,0
207017,0
207018,0
207019,0
207020,0
207021,0
207022,0
207023,0
207024,0
207025,0
207026,0
207027,0
207028,0
207029,0
207030,0
207031,0
207032,0
207033,0
207034,0
207035,0
207036,0
207037,0
207038,0
207039,0
207040,2
207041,2
207042,0
207043,0
207044,0
207045,0
207046,0
207047,0
207048,0
207049,0
207050,0
207051,0
207052,1
207053,0
207054,0
207055,0
207056,0
207057,0
207058,0
207059,0
207060,0
207061,0
207062,0
207063,1
207064,0
207065,0
207066,1
207067,1
207068,0
207069,0
207070,1
207071,1
207072,1
207073,0
207074,0
207075,0
207076,0
207077,0
207078,0
207079,0
207080,0
207081,0
207082,0
207083,0
207084,0
207085,0
207086,0
207087,0
207088,0
207089,0
207090,0
207091,0
207092,0
207093,0
207094,0
207095,0
207096,0
207097,0
207098,0
207099,0
207100,0
207101,0
207102,0
207103,0
207104,0
207105,0
207106,0
207107,0
207108,0
207109,0
207110,0
207111,1
207112,0
207113,0
207114,0
207115,0
207116,2
207117,2
207118,2
207119,0
207120,0
207121,0
207122,2
207123,2
207124,0
207125,0
207126,0
207127,0
207128,0
207129,0
207130,0
207131,0
207132,0
207133,0
207134,0
207135,0
207136,0
207137,0
207138,0
207139,0
207140,0
207141,1
207142,0
207143,0
207144,0
207145,0
207146,0
207147,0
207148,0
207149,0
207150,0
207151,0
207152,0
207153,0
207154,0
207155,0
207156,0
207157,0
207158,0
207159,0
207160,0
207161,0
207162,0
207163,0
207164,0
207165,4
207166,4
207167,2
207168,0
207169,0
207170,0
207171,0
207172,0
207173,1
207174,0
207175,0
207176,0
207177,0
207178,0
207179,0
207180,0
207181,0
207182,1
207183,1
207184,0
207185,0
207186,0
207187,0
207188,0
207189,0
207190,0
207191,0
207192,0
207193,0
207194,0
207195,0
207196,0
207197,0
207198,0
207199,1
207200,1
207201,2
207202,2
207203,0
207204,0
207205,0
207206,0
207207,0
207208,0
207209,2
207210,0
207211,0
207212,1
207213,0
207214,2
207215,2
207216,2
207217,1
207218,1
207219,0
207220,0
207221,0
207222,0
207223,0
207224,0
207225,0
207226,0
207227,0
207228,0
207229,0
207230,0
207231,0
207232,0
207233,0
207234,0
207235,0
207236,0
207237,0
207238,0
207239,0
207240,0
207241,0
207242,0
207243,0
207244,2
207245,2
207246,2
207247,2
207248,2
207249,0
207250,0
207251,0
207252,0
207253,2
207254,2
207255,2
207256,2
207257,2
207258,0
207259,0
207260,0
207261,0
207262,0
207263,0
207264,2
207265,0
207266,0
207267,0
207268,2
207269,0
207270,0
207271,0
207272,0
207273,0
207274,2
207275,2
207276,2
207277,0
207278,0
207279,1
207280,0
207281,0
207282,2
207283,2
207284,2
207285,2
207286,2
207287,0
207288,0
207289,0
207290,0
207291,2
207292,2
207293,2
207294,0
207295,0
207296,1
207297,1
207298,1
207299,0
207300,0
207301,2
207302,2
207303,2
207304,0
207305,0
207306,0
207307,0
207308,2
207309,0
207310,0
207311,0
207312,2
207313,0
207314,1
207315,1
207316,0
207317,0
207318,1
207319,0
207320,0
207321,0
207322,0
207323,0
207324,0
207325,0
207326,0
207327,0
207328,0
207329,1
207330,1
207331,0
207332,0
207333,0
207334,0
207335,0
207336,0
207337,0
207338,0
207339,0
207340,0
207341,0
207342,0
207343,0
207344,0
207345,0
207346,0
207347,2
207348,0
207349,0
207350,0
207351,0
207352,0
207353,0
207354,0
207355,0
207356,0
207357,0
207358,0
207359,0
207360,0
207361,0
207362,4
207363,0
207364,4
207365,1
207366,1
207367,1
207368,1
207369,0
207370,0
207371,0
207372,0
207373,0
207374,1
207375,0
207376,0
207377,0
207378,0
207379,0
207380,0
207381,0
207382,0
207383,0
207384,0
207385,2
207386,0
207387,0
207388,0
207389,2
207390,0
207391,0
207392,0
207393,0
207394,0
207395,0
207396,0
207397,0
207398,0
207399,0
207400,2
207401,0
207402,0
207403,0
207404,0
207405,0
207406,0
207407,0
207408,0
207409,0
207410,0
207411,0
207412,0
207413,0
207414,0
207415,0
207416,0
207417,0
207418,0
207419,0
207420,0
207421,0
207422,0
207423,0
207424,0
207425,0
207426,0
207427,0
207428,0
207429,0
207430,0
207431,0
207432,0
207433,0
207434,2
207435,0
207436,0
207437,0
207438,0
207439,2
207440,0
207441,0
207442,0
207443,0
207444,0
207445,0
207446,0
207447,0
207448,0
207449,0
207450,0
207451,0
207452,0
207453,0
207454,0
207455,0
207456,0
207457,0
207458,0
207459,0
207460,0
207461,0
207462,0
207463,0
207464,0
207465,0
207466,0
207467,0
207468,0
207469,0
207470,0
207471,0
207472,0
207473,0
207474,0
207475,0
207476,0
207477,0
207478,0
207479,0
207480,0
207481,0
207482,0
207483,1
207484,1
207485,1
207486,1
207487,0
207488,0
207489,0
207490,0
207491,0
207492,0
207493,0
207494,0
207495,0
207496,0
207497,0
207498,0
207499,0
207500,0
207501,0
207502,0
207503,0
207504,0
207505,1
207506,0
207507,0
207508,0
207509,0
207510,0
207511,0
207512,0
207513,0
207514,0
207515,0
207516,1
207517,1
207518,1
207519,1
207520,1
207521,1
207522,1
207523,1
207524,1
207525,1
207526,1
207527,1
207528,1
207529,1
207530,1
207531,1
207532,2
207533,2
207534,1
207535,0
207536,1
207537,1
207538,0
207539,1
207540,0
207541,0
207542,0
207543,0
207544,0
207545,0
207546,0
207547,0
207548,0
207549,2
207550,0
207551,0
207552,2
207553,2
207554,0
207555,0
207556,0
207557,0
207558,0
207559,0
207560,0
207561,0
207562,0
207563,0
207564,0
207565,0
207566,0
207567,0
207568,0
207569,0
207570,0
207571,0
207572,0
207573,0
207574,0
207575,0
207576,0
207577,0
207578,0
207579,0
207580,0
207581,0
207582,0
207583,0
207584,0
207585,1
207586,1
207587,1
207588,0
207589,0
207590,1
207591,2
207592,2
207593,0
207594,0
207595,0
207596,0
207597,1
207598,1
207599,0
207600,0
207601,0
207602,0
207603,0
207604,0
207605,0
207606,1
207607,1
207608,1
207609,1
207610,1
207611,2
207612,2
207613,2
207614,2
207615,0
207616,2
207617,2
207618,0
207619,0
207620,2
207621,0
207622,2
207623,2
207624,2
207625,0
207626,1
207627,0
207628,0
207629,0
207630,0
207631,0
207632,0
207633,0
207634,0
207635,0
207636,2
207637,1
207638,0
207639,1
207640,0
207641,0
207642,1
207643,0
207644,0
207645,0
207646,0
207647,0
207648,0
207649,1
207650,0
207651,0
207652,0
207653,0
207654,0
207655,0
207656,1
207657,1
207658,1
207659,1
207660,0
207661,0
207662,0
207663,0
207664,0
207665,0
207666,0
207667,2
207668,0
207669,0
207670,0
207671,0
207672,0
207673,0
207674,0
207675,0
207676,0
207677,0
207678,0
207679,0
207680,0
207681,0
207682,2
207683,2
207684,0
207685,0
207686,0
207687,0
207688,0
207689,0
207690,0
207691,0
207692,2
207693,2
207694,2
207695,2
207696,0
207697,2
207698,0
207699,2
207700,2
207701,2
207702,2
207703,0
207704,0
207705,0
207706,0
207707,0
207708,0
207709,0
207710,0
207711,0
207712,0
207713,0
207714,0
207715,0
207716,0
207717,0
207718,0
207719,0
207720,0
207721,0
207722,2
207723,0
207724,0
207725,0
207726,0
207727,0
207728,0
207729,0
207730,0
207731,0
207732,0
207733,0
207734,0
207735,0
207736,0
207737,0
207738,0
207739,0
207740,0
207741,0
207742,0
207743,0
207744,0
207745,0
207746,0
207747,0
207748,0
207749,0
207750,0
207751,0
207752,0
207753,0
207754,0
207755,0
207756,0
207757,0
207758,0
207759,0
207760,0
207761,0
207762,0
207763,0
207764,0
207765,0
207766,0
207767,0
207768,0
207769,0
207770,0
207771,0
207772,0
207773,0
207774,0
207775,0
207776,0
207777,0
207778,0
207779,0
207780,0
207781,0
207782,0
207783,2
207784,0
207785,0
207786,0
207787,0
207788,0
207789,0
207790,0
207791,0
207792,0
207793,0
207794,0
207795,0
207796,1
207797,0
207798,0
207799,0
207800,0
207801,0
207802,0
207803,0
207804,0
207805,0
207806,0
207807,0
207808,0
207809,0
207810,2
207811,2
207812,2
207813,1
207814,1
207815,0
207816,0
207817,0
207818,0
207819,0
207820,0
207821,0
207822,2
207823,2
207824,2
207825,0
207826,0
207827,0
207828,0
207829,2
207830,2
207831,4
207832,2
207833,1
207834,1
207835,1
207836,1
207837,1
207838,2
207839,2
207840,0
207841,0
207842,2
207843,0
207844,1
207845,1
207846,0
207847,0
207848,0
207849,0
207850,4
207851,0
207852,0
207853,0
207854,0
207855,0
207856,0
207857,0
207858,0
207859,0
207860,0
207861,0
207862,0
207863,0
207864,0
207865,0
207866,2
207867,2
207868,2
207869,2
207870,2
207871,2
207872,2
207873,0
207874,0
207875,0
207876,0
207877,0
207878,0
207879,0
207880,0
207881,0
207882,0
207883,0
207884,0
207885,0
207886,0
207887,0
207888,0
207889,0
207890,0
207891,0
207892,0
207893,0
207894,0
207895,0
207896,0
207897,0
207898,0
207899,0
207900,1
207901,1
207902,1
207903,1
207904,0
207905,0
207906,0
207907,0
207908,0
207909,0
207910,0
207911,0
207912,0
207913,0
207914,0
207915,0
207916,2
207917,2
207918,0
207919,0
207920,0
207921,0
207922,0
207923,2
207924,0
207925,0
207926,0
207927,0
207928,0
207929,0
207930,0
207931,0
207932,0
207933,0
207934,0
207935,0
207936,0
207937,0
207938,0
207939,0
207940,0
207941,0
207942,0
207943,0
207944,4
207945,1
207946,1
207947,0
207948,0
207949,0
207950,0
207951,0
207952,0
207953,0
207954,0
207955,0
207956,0
207957,0
207958,0
207959,0
207960,0
207961,0
207962,0
207963,0
207964,0
207965,0
207966,0
207967,0
207968,0
207969,0
207970,0
207971,0
207972,0
207973,0
207974,0
207975,0
207976,0
207977,0
207978,0
207979,0
207980,0
207981,0
207982,0
207983,0
207984,0
207985,1
207986,1
207987,1
207988,1
207989,1
207990,1
207991,1
207992,0
207993,1
207994,0
207995,0
207996,0
207997,0
207998,0
207999,0
208000,0
208001,0
208002,2
208003,2
208004,2
208005,1
208006,1
208007,0
208008,0
208009,0
208010,0
208011,0
208012,0
208013,0
208014,0
208015,0
208016,0
208017,0
208018,0
208019,0
208020,0
208021,1
208022,1
208023,0
208024,1
208025,0
208026,0
208027,0
208028,0
208029,1
208030,1
208031,1
208032,1
208033,1
208034,0
208035,0
208036,0
208037,0
208038,0
208039,0
208040,0
208041,0
208042,0
208043,0
208044,0
208045,0
208046,0
208047,0
208048,0
208049,0
208050,0
208051,0
208052,0
208053,0
208054,0
208055,0
208056,0
208057,0
208058,0
208059,2
208060,0
208061,0
208062,0
208063,0
208064,0
208065,0
208066,0
208067,0
208068,0
208069,0
208070,0
208071,0
208072,0
208073,0
208074,4
208075,4
208076,2
208077,2
208078,2
208079,2
208080,2
208081,2
208082,0
208083,0
208084,0
208085,1
208086,0
208087,0
208088,0
208089,1
208090,1
208091,0
208092,0
208093,1
208094,1
208095,0
208096,0
208097,0
208098,0
208099,0
208100,0
208101,1
208102,1
208103,0
208104,0
208105,0
208106,0
208107,0
208108,0
208109,0
208110,0
208111,0
208112,0
208113,0
208114,0
208115,0
208116,0
208117,0
208118,0
208119,0
208120,0
208121,0
208122,0
208123,0
208124,0
208125,0
208126,0
208127,0
208128,0
208129,0
208130,0
208131,0
208132,0
208133,3
208134,1
208135,0
208136,0
208137,0
208138,0
208139,1
208140,0
208141,0
208142,0
208143,0
208144,1
208145,0
208146,0
208147,0
208148,2
208149,2
208150,2
208151,0
208152,0
208153,0
208154,0
208155,2
208156,2
208157,0
208158,2
208159,0
208160,0
208161,0
208162,2
208163,2
208164,0
208165,0
208166,0
208167,2
208168,2
208169,2
208170,2
208171,2
208172,2
208173,2
208174,2
208175,0
208176,0
208177,0
208178,0
208179,0
208180,0
208181,0
208182,0
208183,1
208184,1
208185,1
208186,0
208187,0
208188,0
208189,0
208190,0
208191,0
208192,0
208193,0
208194,0
208195,0
208196,0
208197,4
208198,4
208199,4
208200,1
208201,2
208202,2
208203,0
208204,0
208205,0
208206,0
208207,2
208208,2
208209,0
208210,0
208211,2
208212,2
208213,0
208214,0
208215,0
208216,0
208217,0
208218,0
208219,0
208220,0
208221,0
208222,0
208223,0
208224,0
208225,0
208226,1
208227,1
208228,0
208229,0
208230,0
208231,0
208232,1
208233,0
208234,0
208235,0
208236,0
208237,0
208238,0
208239,0
208240,0
208241,0
208242,0
208243,0
208244,0
208245,0
208246,0
208247,0
208248,0
208249,0
208250,0
208251,0
208252,0
208253,0
208254,0
208255,0
208256,0
208257,1
208258,0
208259,0
208260,0
208261,0
208262,0
208263,0
208264,0
208265,0
208266,1
208267,1
208268,0
208269,0
208270,0
208271,1
208272,1
208273,1
208274,1
208275,0
208276,0
208277,1
208278,2
208279,2
208280,1
208281,1
208282,1
208283,1
208284,1
208285,1
208286,3
208287,0
208288,0
208289,0
208290,0
208291,0
208292,1
208293,1
208294,1
208295,1
208296,1
208297,0
208298,1
208299,0
208300,0
208301,0
208302,0
208303,0
208304,0
208305,0
208306,0
208307,0
208308,0
208309,3
208310,3
208311,0
208312,0
208313,0
208314,0
208315,0
208316,0
208317,0
208318,0
208319,0
208320,0
208321,0
208322,0
208323,0
208324,0
208325,0
208326,0
208327,0
208328,0
208329,0
208330,0
208331,2
208332,2
208333,0
208334,0
208335,0
208336,0
208337,0
208338,0
208339,2
208340,0
208341,2
208342,2
208343,2
208344,0
208345,0
208346,0
208347,0
208348,0
208349,2
208350,2
208351,1
208352,1
208353,1
208354,1
208355,1
208356,3
208357,3
208358,0
208359,0
208360,1
208361,1
208362,1
208363,1
208364,0
208365,1
208366,1
208367,0
208368,0
208369,0
208370,2
208371,1
208372,0
208373,0
208374,0
208375,1
208376,1
208377,0
208378,1
208379,1
208380,0
208381,0
208382,0
208383,0
208384,0
208385,0
208386,0
208387,0
208388,0
208389,3
208390,3
208391,3
208392,1
208393,0
208394,1
208395,1
208396,0
208397,0
208398,1
208399,0
208400,0
208401,0
208402,1
208403,0
208404,0
208405,0
208406,0
208407,0
208408,0
208409,0
208410,2
208411,2
208412,2
208413,0
208414,0
208415,0
208416,0
208417,0
208418,0
208419,0
208420,0
208421,0
208422,0
208423,0
208424,0
208425,4
208426,4
208427,4
208428,1
208429,0
208430,0
208431,0
208432,0
208433,1
208434,1
208435,2
208436,1
208437,1
208438,1
208439,0
208440,2
208441,2
208442,1
208443,0
208444,0
208445,1
208446,1
208447,0
208448,1
208449,3
208450,1
208451,0
208452,0
208453,0
208454,0
208455,2
208456,2
208457,2
208458,2
208459,2
208460,2
208461,0
208462,0
208463,0
208464,0
208465,2
208466,0
208467,2
208468,0
208469,0
208470,0
208471,2
208472,2
208473,2
208474,0
208475,0
208476,0
208477,0
208478,0
208479,0
208480,1
208481,0
208482,0
208483,0
208484,0
208485,0
208486,0
208487,2
208488,0
208489,0
208490,2
208491,2
208492,2
208493,0
208494,2
208495,2
208496,1
208497,1
208498,1
208499,1
208500,0
208501,1
208502,0
208503,1
208504,1
208505,2
208506,0
208507,0
208508,2
208509,2
208510,0
208511,2
208512,0
208513,0
208514,2
208515,0
208516,0
208517,2
208518,0
208519,0
208520,2
208521,2
208522,2
208523,2
208524,2
208525,0
208526,2
208527,2
208528,2
208529,2
208530,0
208531,0
208532,0
208533,0
208534,0
208535,0
208536,0
208537,0
208538,0
208539,0
208540,0
208541,0
208542,2
208543,0
208544,0
208545,1
208546,0
208547,0
208548,0
208549,0
208550,0
208551,0
208552,0
208553,0
208554,0
208555,0
208556,0
208557,0
208558,0
208559,0
208560,0
208561,0
208562,0
208563,0
208564,0
208565,0
208566,0
208567,2
208568,2
208569,0
208570,0
208571,1
208572,1
208573,1
208574,0
208575,0
208576,0
208577,0
208578,0
208579,0
208580,0
208581,0
208582,0
208583,0
208584,1
208585,1
208586,0
208587,0
208588,4
208589,0
208590,0
208591,0
208592,4
208593,4
208594,2
208595,2
208596,0
208597,0
208598,0
208599,0
208600,2
208601,2
208602,2
208603,2
208604,0
208605,0
208606,0
208607,1
208608,0
208609,0
208610,0
208611,0
208612,0
208613,0
208614,0
208615,0
208616,0
208617,0
208618,0
208619,0
208620,0
208621,0
208622,1
208623,0
208624,1
208625,1
208626,1
208627,1
208628,0
208629,1
208630,1
208631,1
208632,1
208633,1
208634,1
208635,1
208636,1
208637,0
208638,0
208639,1
208640,0
208641,0
208642,0
208643,0
208644,0
208645,0
208646,2
208647,1
208648,2
208649,2
208650,0
208651,2
208652,1
208653,0
208654,0
208655,0
208656,1
208657,1
208658,1
208659,0
208660,0
208661,0
208662,2
208663,0
208664,0
208665,0
208666,0
208667,0
208668,0
208669,0
208670,4
208671,4
208672,2
208673,2
208674,0
208675,0
208676,0
208677,0
208678,0
208679,0
208680,0
208681,0
208682,0
208683,0
208684,0
208685,0
208686,0
208687,0
208688,1
208689,1
208690,0
208691,0
208692,1
208693,1
208694,0
208695,0
208696,3
208697,1
208698,1
208699,0
208700,1
208701,4
208702,2
208703,4
208704,0
208705,2
208706,3
208707,0
208708,1
208709,3
208710,0
208711,0
208712,0
208713,0
208714,1
208715,1
208716,1
208717,1
208718,0
208719,1
208720,0
208721,1
208722,1
208723,0
208724,1
208725,1
208726,0
208727,0
208728,0
208729,4
208730,0
208731,0
208732,0
208733,0
208734,0
208735,0
208736,0
208737,0
208738,0
208739,0
208740,0
208741,0
208742,0
208743,4
208744,2
208745,0
208746,0
208747,0
208748,0
208749,0
208750,0
208751,0
208752,0
208753,0
208754,0
208755,0
208756,2
208757,0
208758,1
208759,1
208760,0
208761,0
208762,0
208763,0
208764,0
208765,0
208766,0
208767,0
208768,0
208769,0
208770,0
208771,0
208772,0
208773,0
208774,0
208775,0
208776,0
208777,1
208778,1
208779,0
208780,0
208781,0
208782,0
208783,0
208784,0
208785,0
208786,0
208787,0
208788,0
208789,0
208790,0
208791,0
208792,0
208793,0
208794,0
208795,0
208796,0
208797,0
208798,0
208799,0
208800,1
208801,0
208802,0
208803,0
208804,0
208805,0
208806,0
208807,0
208808,0
208809,0
208810,0
208811,0
208812,0
208813,0
208814,0
208815,0
208816,0
208817,2
208818,0
208819,0
208820,0
208821,0
208822,0
208823,2
208824,2
208825,2
208826,2
208827,2
208828,0
208829,0
208830,0
208831,0
208832,0
208833,0
208834,0
208835,0
208836,2
208837,0
208838,0
208839,0
208840,0
208841,0
208842,4
208843,2
208844,2
208845,2
208846,2
208847,0
208848,0
208849,0
208850,0
208851,0
208852,2
208853,0
208854,0
208855,0
208856,2
208857,2
208858,0
208859,0
208860,0
208861,0
208862,0
208863,0
208864,0
208865,0
208866,0
208867,3
208868,1
208869,1
208870,0
208871,0
208872,0
208873,0
208874,0
208875,1
208876,1
208877,1
208878,0
208879,1
208880,1
208881,0
208882,0
208883,0
208884,0
208885,0
208886,0
208887,0
208888,0
208889,0
208890,0
208891,0
208892,0
208893,1
208894,0
208895,0
208896,1
208897,0
208898,0
208899,0
208900,0
208901,0
208902,0
208903,0
208904,0
208905,0
208906,0
208907,0
208908,0
208909,0
208910,0
208911,2
208912,0
208913,0
208914,0
208915,0
208916,2
208917,0
208918,2
208919,2
208920,2
208921,2
208922,0
208923,0
208924,0
208925,0
208926,0
208927,0
208928,0
208929,1
208930,1
208931,1
208932,0
208933,0
208934,0
208935,0
208936,0
208937,0
208938,0
208939,0
208940,0
208941,0
208942,0
208943,0
208944,0
208945,0
208946,2
208947,2
208948,2
208949,0
208950,0
208951,0
208952,2
208953,2
208954,2
208955,0
208956,0
208957,2
208958,0
208959,0
208960,0
208961,0
208962,0
208963,0
208964,2
208965,2
208966,0
208967,0
208968,0
208969,0
208970,0
208971,0
208972,0
208973,0
208974,0
208975,0
208976,1
208977,0
208978,0
208979,1
208980,0
208981,0
208982,2
208983,0
208984,0
208985,0
208986,0
208987,0
208988,0
208989,0
208990,2
208991,2
208992,0
208993,0
208994,0
208995,0
208996,0
208997,0
208998,0
208999,0
209000,4
209001,2
209002,1
209003,1
209004,1
209005,0
209006,0
209007,3
209008,3
209009,3
209010,1
209011,1
209012,0
209013,1
209014,0
209015,1
209016,0
209017,0
209018,0
209019,0
209020,0
209021,0
209022,0
209023,0
209024,0
209025,0
209026,0
209027,0
209028,0
209029,0
209030,0
209031,2
209032,2
209033,2
209034,2
209035,2
209036,2
209037,2
209038,0
209039,0
209040,0
209041,0
209042,0
209043,0
209044,0
209045,2
209046,2
209047,2
209048,2
209049,0
209050,2
209051,0
209052,0
209053,0
209054,0
209055,0
209056,0
209057,0
209058,0
209059,0
209060,0
209061,0
209062,0
209063,0
209064,0
209065,0
209066,0
209067,0
209068,0
209069,1
209070,0
209071,0
209072,0
209073,0
209074,0
209075,0
209076,0
209077,0
209078,0
209079,0
209080,0
209081,0
209082,0
209083,0
209084,0
209085,0
209086,0
209087,0
209088,0
209089,0
209090,0
209091,0
209092,0
209093,0
209094,0
209095,0
209096,0
209097,0
209098,0
209099,0
209100,0
209101,0
209102,0
209103,0
209104,0
209105,0
209106,0
209107,0
209108,0
209109,0
209110,0
209111,0
209112,0
209113,0
209114,0
209115,0
209116,2
209117,2
209118,2
209119,2
209120,2
209121,2
209122,0
209123,0
209124,0
209125,0
209126,0
209127,0
209128,0
209129,0
209130,0
209131,0
209132,0
209133,0
209134,0
209135,0
209136,0
209137,3
209138,3
209139,3
209140,3
209141,1
209142,1
209143,1
209144,1
209145,0
209146,0
209147,0
209148,0
209149,0
209150,0
209151,0
209152,0
209153,0
209154,1
209155,1
209156,1
209157,1
209158,0
209159,0
209160,0
209161,0
209162,0
209163,0
209164,0
209165,1
209166,0
209167,0
209168,0
209169,0
209170,0
209171,2
209172,0
209173,0
209174,0
209175,0
209176,0
209177,0
209178,0
209179,0
209180,0
209181,0
209182,0
209183,0
209184,0
209185,0
209186,0
209187,0
209188,0
209189,0
209190,0
209191,0
209192,1
209193,0
209194,0
209195,0
209196,0
209197,0
209198,0
209199,0
209200,0
209201,1
209202,0
209203,1
209204,0
209205,0
209206,1
209207,0
209208,0
209209,0
209210,0
209211,0
209212,0
209213,0
209214,1
209215,1
209216,1
209217,1
209218,0
209219,0
209220,1
209221,0
209222,1
209223,1
209224,0
209225,0
209226,0
209227,4
209228,0
209229,0
209230,0
209231,0
209232,0
209233,0
209234,0
209235,0
209236,0
209237,0
209238,0
209239,0
209240,0
209241,0
209242,0
209243,0
209244,0
209245,0
209246,0
209247,2
209248,2
209249,0
209250,0
209251,0
209252,0
209253,0
209254,0
209255,0
209256,0
209257,0
209258,0
209259,0
209260,0
209261,0
209262,0
209263,0
209264,0
209265,0
209266,0
209267,0
209268,0
209269,0
209270,0
209271,0
209272,0
209273,0
209274,0
209275,2
209276,2
209277,0
209278,0
209279,0
209280,2
209281,2
209282,0
209283,0
209284,0
209285,0
209286,0
209287,0
209288,0
209289,0
209290,0
209291,0
209292,1
209293,1
209294,0
209295,1
209296,1
209297,0
209298,0
209299,0
209300,0
209301,0
209302,0
209303,0
209304,0
209305,0
209306,0
209307,0
209308,0
209309,0
209310,0
209311,0
209312,0
209313,0
209314,0
209315,1
209316,1
209317,1
209318,1
209319,1
209320,1
209321,3
209322,1
209323,3
209324,0
209325,0
209326,0
209327,0
209328,1
209329,1
209330,0
209331,0
209332,0
209333,0
209334,0
209335,0
209336,0
209337,0
209338,1
209339,0
209340,0
209341,0
209342,0
209343,0
209344,0
209345,2
209346,2
209347,2
209348,0
209349,0
209350,0
209351,0
209352,0
209353,0
209354,0
209355,2
209356,2
209357,0
209358,0
209359,0
209360,0
209361,2
209362,0
209363,0
209364,0
209365,0
209366,0
209367,0
209368,0
209369,1
209370,1
209371,2
209372,0
209373,0
209374,2
209375,0
209376,2
209377,0
209378,0
209379,0
209380,0
209381,0
209382,0
209383,0
209384,0
209385,0
209386,0
209387,0
209388,0
209389,0
209390,0
209391,0
209392,0
209393,0
209394,0
209395,0
209396,0
209397,0
209398,0
209399,0
209400,0
209401,0
209402,0
209403,0
209404,0
209405,0
209406,0
209407,0
209408,0
209409,0
209410,0
209411,0
209412,0
209413,0
209414,0
209415,0
209416,0
209417,0
209418,0
209419,2
209420,1
209421,1
209422,0
209423,0
209424,0
209425,0
209426,0
209427,0
209428,0
209429,0
209430,0
209431,0
209432,0
209433,0
209434,0
209435,0
209436,0
209437,0
209438,0
209439,0
209440,0
209441,0
209442,0
209443,0
209444,0
209445,0
209446,0
209447,0
209448,1
209449,0
209450,0
209451,0
209452,1
209453,1
209454,1
209455,1
209456,1
209457,1
209458,1
209459,1
209460,0
209461,0
209462,0
209463,0
209464,0
209465,0
209466,0
209467,0
209468,0
209469,0
209470,0
209471,0
209472,0
209473,0
209474,0
209475,0
209476,0
209477,1
209478,1
209479,0
209480,0
209481,0
209482,0
209483,0
209484,0
209485,0
209486,0
209487,0
209488,0
209489,0
209490,2
209491,4
209492,2
209493,1
209494,1
209495,1
209496,2
209497,2
209498,2
209499,0
209500,0
209501,0
209502,2
209503,0
209504,0
209505,0
209506,2
209507,1
209508,0
209509,0
209510,0
209511,0
209512,1
209513,1
209514,0
209515,0
209516,0
209517,1
209518,1
209519,0
209520,0
209521,0
209522,0
209523,0
209524,0
209525,0
209526,0
209527,0
209528,0
209529,0
209530,0
209531,0
209532,0
209533,0
209534,0
209535,0
209536,0
209537,1
209538,1
209539,1
209540,2
209541,2
209542,2
209543,2
209544,0
209545,0
209546,0
209547,0
209548,0
209549,0
209550,0
209551,0
209552,2
209553,0
209554,0
209555,0
209556,0
209557,0
209558,1
209559,1
209560,0
209561,0
209562,0
209563,0
209564,0
209565,0
209566,0
209567,0
209568,1
209569,0
209570,0
209571,0
209572,0
209573,0
209574,0
209575,0
209576,0
209577,0
209578,0
209579,0
209580,1
209581,1
209582,1
209583,1
209584,0
209585,0
209586,0
209587,0
209588,0
209589,0
209590,0
209591,0
209592,0
209593,0
209594,0
209595,0
209596,0
209597,0
209598,0
209599,0
209600,1
209601,0
209602,0
209603,0
209604,0
209605,0
209606,0
209607,0
209608,1
209609,1
209610,1
209611,1
209612,0
209613,2
209614,0
209615,0
209616,0
209617,0
209618,0
209619,0
209620,1
209621,1
209622,1
209623,1
209624,0
209625,1
209626,1
209627,1
209628,1
209629,0
209630,0
209631,0
209632,4
209633,2
209634,2
209635,2
209636,2
209637,0
209638,2
209639,2
209640,2
209641,2
209642,0
209643,2
209644,2
209645,2
209646,2
209647,2
209648,1
209649,2
209650,0
209651,0
209652,0
209653,2
209654,2
209655,2
209656,0
209657,0
209658,0
209659,0
209660,0
209661,0
209662,0
209663,0
209664,2
209665,2
209666,0
209667,0
209668,0
209669,0
209670,0
209671,0
209672,0
209673,0
209674,0
209675,0
209676,0
209677,0
209678,0
209679,0
209680,0
209681,0
209682,0
209683,0
209684,0
209685,0
209686,0
209687,0
209688,0
209689,0
209690,0
209691,0
209692,0
209693,0
209694,0
209695,0
209696,0
209697,0
209698,0
209699,0
209700,0
209701,0
209702,0
209703,0
209704,1
209705,1
209706,3
209707,1
209708,0
209709,0
209710,0
209711,0
209712,0
209713,0
209714,0
209715,0
209716,0
209717,0
209718,0
209719,0
209720,0
209721,0
209722,0
209723,0
209724,0
209725,0
209726,0
209727,0
209728,0
209729,0
209730,0
209731,0
209732,0
209733,0
209734,0
209735,0
209736,0
209737,0
209738,0
209739,0
209740,0
209741,0
209742,0
209743,0
209744,0
209745,0
209746,0
209747,0
209748,0
209749,0
209750,0
209751,0
209752,0
209753,0
209754,0
209755,0
209756,0
209757,0
209758,0
209759,0
209760,2
209761,2
209762,0
209763,2
209764,2
209765,2
209766,2
209767,0
209768,0
209769,0
209770,0
209771,0
209772,0
209773,0
209774,0
209775,0
209776,0
209777,0
209778,0
209779,0
209780,0
209781,0
209782,0
209783,0
209784,0
209785,0
209786,0
209787,4
209788,4
209789,4
209790,4
209791,4
209792,2
209793,0
209794,0
209795,0
209796,1
209797,1
209798,0
209799,0
209800,1
209801,1
209802,1
209803,0
209804,0
209805,0
209806,0
209807,0
209808,0
209809,0
209810,0
209811,0
209812,0
209813,0
209814,0
209815,0
209816,0
209817,0
209818,0
209819,0
209820,1
209821,0
209822,0
209823,0
209824,1
209825,0
209826,0
209827,0
209828,0
209829,0
209830,0
209831,0
209832,0
209833,0
209834,0
209835,1
209836,1
209837,0
209838,1
209839,1
209840,0
209841,0
209842,1
209843,0
209844,1
209845,0
209846,1
209847,0
209848,0
209849,0
209850,0
209851,1
209852,0
209853,0
209854,0
209855,0
209856,0
209857,0
209858,0
209859,0
209860,2
209861,2
209862,2
209863,2
209864,0
209865,0
209866,2
209867,2
209868,2
209869,2
209870,2
209871,2
209872,1
209873,0
209874,0
209875,0
209876,0
209877,0
209878,0
209879,0
209880,1
209881,1
209882,1
209883,1
209884,1
209885,1
209886,1
209887,0
209888,0
209889,0
209890,1
209891,0
209892,0
209893,0
209894,0
209895,0
209896,0
209897,0
209898,0
209899,0
209900,0
209901,0
209902,0
209903,0
209904,0
209905,0
209906,0
209907,0
209908,0
209909,0
209910,0
209911,1
209912,0
209913,0
209914,1
209915,1
209916,1
209917,0
209918,0
209919,0
209920,0
209921,0
209922,0
209923,0
209924,0
209925,1
209926,1
209927,0
209928,0
209929,0
209930,2
209931,4
209932,2
209933,0
209934,2
209935,0
209936,0
209937,0
209938,0
209939,0
209940,0
209941,0
209942,0
209943,2
209944,0
209945,0
209946,0
209947,2
209948,0
209949,2
209950,2
209951,0
209952,0
209953,0
209954,0
209955,2
209956,2
209957,2
209958,0
209959,0
209960,4
209961,4
209962,2
209963,2
209964,0
209965,0
209966,0
209967,0
209968,0
209969,0
209970,0
209971,0
209972,0
209973,0
209974,0
209975,0
209976,2
209977,2
209978,0
209979,2
209980,0
209981,0
209982,1
209983,1
209984,0
209985,0
209986,0
209987,2
209988,0
209989,2
209990,2
209991,2
209992,2
209993,2
209994,2
209995,2
209996,0
209997,0
209998,0
209999,0
210000,2
210001,2
210002,0
210003,0
210004,0
210005,0
210006,0
210007,0
210008,0
210009,1
210010,1
210011,0
210012,0
210013,0
210014,0
210015,0
210016,0
210017,0
210018,0
210019,0
210020,0
210021,0
210022,0
210023,2
210024,2
210025,2
210026,0
210027,0
210028,0
210029,0
210030,0
210031,0
210032,4
210033,4
210034,4
210035,4
210036,2
210037,2
210038,0
210039,2
210040,0
210041,0
210042,0
210043,0
210044,0
210045,0
210046,0
210047,0
210048,0
210049,0
210050,0
210051,0
210052,0
210053,0
210054,0
210055,0
210056,2
210057,2
210058,2
210059,2
210060,2
210061,2
210062,2
210063,0
210064,0
210065,0
210066,0
210067,2
210068,0
210069,0
210070,0
210071,0
210072,0
210073,0
210074,0
210075,0
210076,0
210077,1
210078,1
210079,0
210080,0
210081,0
210082,0
210083,0
210084,0
210085,0
210086,0
210087,0
210088,0
210089,0
210090,1
210091,1
210092,0
210093,0
210094,0
210095,0
210096,0
210097,1
210098,1
210099,1
210100,1
210101,1
210102,1
210103,1
210104,0
210105,0
210106,3
210107,0
210108,0
210109,0
210110,0
210111,0
210112,1
210113,2
210114,2
210115,2
210116,1
210117,1
210118,1
210119,1
210120,0
210121,0
210122,2
210123,2
210124,1
210125,1
210126,1
210127,0
210128,0
210129,0
210130,0
210131,0
210132,2
210133,0
210134,0
210135,0
210136,0
210137,0
210138,0
210139,0
210140,1
210141,1
210142,0
210143,0
210144,0
210145,0
210146,0
210147,0
210148,0
210149,0
210150,1
210151,1
210152,1
210153,0
210154,0
210155,0
210156,0
210157,0
210158,0
210159,0
210160,0
210161,2
210162,2
210163,2
210164,0
210165,0
210166,0
210167,2
210168,0
210169,1
210170,1
210171,1
210172,1
210173,0
210174,0
210175,0
210176,0
210177,0
210178,0
210179,0
210180,0
210181,0
210182,0
210183,0
210184,1
210185,2
210186,1
210187,0
210188,0
210189,0
210190,0
210191,0
210192,0
210193,1
210194,1
210195,0
210196,0
210197,0
210198,0
210199,0
210200,0
210201,0
210202,0
210203,0
210204,0
210205,0
210206,0
210207,0
210208,1
210209,1
210210,1
210211,1
210212,0
210213,0
210214,0
210215,0
210216,0
210217,0
210218,0
210219,0
210220,0
210221,0
210222,0
210223,0
210224,0
210225,0
210226,0
210227,1
210228,1
210229,0
210230,0
210231,0
210232,3
210233,1
210234,1
210235,1
210236,0
210237,0
210238,0
210239,0
210240,1
210241,1
210242,1
210243,0
210244,1
210245,1
210246,1
210247,1
210248,1
210249,1
210250,0
210251,0
210252,0
210253,1
210254,1
210255,0
210256,0
210257,1
210258,0
210259,0
210260,0
210261,0
210262,1
210263,1
210264,1
210265,1
210266,1
210267,1
210268,1
210269,1
210270,0
210271,0
210272,0
210273,0
210274,1
210275,0
210276,0
210277,0
210278,0
210279,0
210280,2
210281,2
210282,0
210283,0
210284,0
210285,0
210286,0
210287,2
210288,2
210289,2
210290,0
210291,1
210292,0
210293,0
210294,0
210295,0
210296,0
210297,0
210298,0
210299,0
210300,0
210301,0
210302,0
210303,0
210304,0
210305,0
210306,0
210307,0
210308,0
210309,0
210310,0
210311,2
210312,1
210313,0
210314,1
210315,1
210316,1
210317,1
210318,1
210319,1
210320,1
210321,1
210322,0
210323,0
210324,0
210325,2
210326,2
210327,2
210328,2
210329,2
210330,2
210331,2
210332,0
210333,0
210334,0
210335,0
210336,0
210337,0
210338,2
210339,4
210340,2
210341,2
210342,1
210343,0
210344,0
210345,0
210346,0
210347,0
210348,0
210349,0
210350,0
210351,0
210352,0
210353,0
210354,2
210355,2
210356,0
210357,0
210358,0
210359,0
210360,0
210361,0
210362,0
210363,2
210364,0
210365,0
210366,0
210367,0
210368,0
210369,2
210370,2
210371,0
210372,0
210373,0
210374,0
210375,0
210376,0
210377,0
210378,0
210379,0
210380,0
210381,0
210382,0
210383,0
210384,1
210385,1
210386,0
210387,0
210388,0
210389,0
210390,0
210391,0
210392,0
210393,0
210394,0
210395,0
210396,0
210397,0
210398,0
210399,0
210400,0
210401,0
210402,0
210403,0
210404,0
210405,0
210406,0
210407,0
210408,0
210409,0
210410,4
210411,0
210412,2
210413,4
210414,2
210415,4
210416,0
210417,2
210418,2
210419,2
210420,0
210421,0
210422,0
210423,0
210424,0
210425,0
210426,3
210427,1
210428,1
210429,0
210430,0
210431,0
210432,0
210433,0
210434,0
210435,0
210436,0
210437,1
210438,0
210439,0
210440,2
210441,0
210442,0
210443,0
210444,0
210445,0
210446,0
210447,0
210448,0
210449,0
210450,4
210451,2
210452,0
210453,0
210454,0
210455,0
210456,0
210457,0
210458,1
210459,1
210460,1
210461,1
210462,0
210463,0
210464,0
210465,0
210466,0
210467,0
210468,0
210469,0
210470,0
210471,0
210472,0
210473,0
210474,1
210475,0
210476,0
210477,0
210478,1
210479,1
210480,1
210481,0
210482,1
210483,1
210484,1
210485,1
210486,1
210487,0
210488,0
210489,0
210490,0
210491,0
210492,0
210493,0
210494,0
210495,0
210496,0
210497,0
210498,0
210499,0
210500,1
210501,0
210502,0
210503,0
210504,0
210505,0
210506,0
210507,1
210508,1
210509,0
210510,0
210511,0
210512,0
210513,0
210514,0
210515,0
210516,0
210517,0
210518,0
210519,0
210520,0
210521,0
210522,0
210523,0
210524,1
210525,1
210526,1
210527,1
210528,0
210529,0
210530,1
210531,1
210532,1
210533,0
210534,0
210535,1
210536,1
210537,1
210538,1
210539,0
210540,0
210541,0
210542,0
210543,0
210544,0
210545,0
210546,1
210547,1
210548,0
210549,0
210550,0
210551,0
210552,0
210553,0
210554,0
210555,0
210556,0
210557,0
210558,0
210559,0
210560,0
210561,0
210562,0
210563,0
210564,2
210565,0
210566,0
210567,0
210568,1
210569,2
210570,0
210571,0
210572,0
210573,0
210574,0
210575,2
210576,2
210577,2
210578,2
210579,0
210580,0
210581,0
210582,0
210583,2
210584,2
210585,0
210586,1
210587,2
210588,0
210589,2
210590,1
210591,1
210592,0
210593,0
210594,0
210595,0
210596,1
210597,0
210598,0
210599,0
210600,0
210601,1
210602,1
210603,1
210604,1
210605,1
210606,1
210607,1
210608,1
210609,0
210610,0
210611,0
210612,0
210613,0
210614,0
210615,0
210616,0
210617,0
210618,0
210619,0
210620,2
210621,0
210622,1
210623,1
210624,0
210625,0
210626,0
210627,0
210628,0
210629,0
210630,0
210631,0
210632,0
210633,2
210634,0
210635,0
210636,0
210637,0
210638,0
210639,0
210640,0
210641,0
210642,0
210643,0
210644,0
210645,0
210646,0
210647,0
210648,0
210649,0
210650,0
210651,0
210652,0
210653,0
210654,0
210655,0
210656,0
210657,0
210658,0
210659,0
210660,0
210661,0
210662,0
210663,0
210664,0
210665,0
210666,0
210667,0
210668,0
210669,0
210670,0
210671,0
210672,0
210673,2
210674,0
210675,0
210676,0
210677,0
210678,1
210679,0
210680,1
210681,0
210682,0
210683,0
210684,0
210685,1
210686,1
210687,0
210688,0
210689,0
210690,0
210691,0
210692,0
210693,0
210694,0
210695,0
210696,0
210697,0
210698,0
210699,0
210700,0
210701,0
210702,2
210703,4
210704,2
210705,2
210706,2
210707,2
210708,2
210709,0
210710,0
210711,0
210712,0
210713,0
210714,0
210715,0
210716,0
210717,0
210718,0
210719,0
210720,2
210721,2
210722,0
210723,0
210724,0
210725,0
210726,0
210727,0
210728,0
210729,0
210730,0
210731,0
210732,0
210733,0
210734,0
210735,0
210736,0
210737,0
210738,0
210739,0
210740,0
210741,0
210742,0
210743,0
210744,2
210745,0
210746,0
210747,0
210748,0
210749,0
210750,0
210751,0
210752,0
210753,2
210754,0
210755,1
210756,1
210757,0
210758,0
210759,0
210760,3
210761,3
210762,0
210763,0
210764,1
210765,1
210766,1
210767,1
210768,0
210769,0
210770,0
210771,0
210772,1
210773,1
210774,1
210775,1
210776,1
210777,0
210778,0
210779,0
210780,0
210781,2
210782,0
210783,0
210784,0
210785,2
210786,2
210787,0
210788,0
210789,0
210790,0
210791,1
210792,1
210793,0
210794,0
210795,0
210796,0
210797,0
210798,0
210799,0
210800,0
210801,1
210802,1
210803,1
210804,0
210805,0
210806,0
210807,0
210808,0
210809,1
210810,1
210811,1
210812,1
210813,0
210814,0
210815,1
210816,0
210817,1
210818,1
210819,1
210820,1
210821,1
210822,0
210823,0
210824,0
210825,0
210826,1
210827,2
210828,0
210829,0
210830,0
210831,0
210832,0
210833,0
210834,0
210835,0
210836,0
210837,0
210838,0
210839,0
210840,0
210841,0
210842,0
210843,0
210844,0
210845,0
210846,0
210847,0
210848,0
210849,0
210850,0
210851,0
210852,0
210853,0
210854,0
210855,0
210856,0
210857,0
210858,0
210859,0
210860,0
210861,0
210862,0
210863,0
210864,0
210865,0
210866,0
210867,0
210868,0
210869,4
210870,4
210871,0
210872,0
210873,0
210874,0
210875,2
210876,0
210877,2
210878,2
210879,0
210880,0
210881,0
210882,0
210883,0
210884,0
210885,0
210886,0
210887,0
210888,0
210889,0
210890,0
210891,0
210892,0
210893,0
210894,0
210895,0
210896,0
210897,0
210898,0
210899,0
210900,0
210901,0
210902,0
210903,0
210904,0
210905,0
210906,0
210907,0
210908,0
210909,0
210910,1
210911,1
210912,1
210913,0
210914,0
210915,0
210916,1
210917,1
210918,0
210919,0
210920,0
210921,0
210922,1
210923,1
210924,1
210925,1
210926,1
210927,0
210928,1
210929,1
210930,0
210931,0
210932,0
210933,0
210934,0
210935,1
210936,1
210937,1
210938,1
210939,4
210940,0
210941,0
210942,0
210943,0
210944,0
210945,0
210946,0
210947,0
210948,0
210949,0
210950,0
210951,0
210952,0
210953,0
210954,0
210955,0
210956,0
210957,0
210958,0
210959,0
210960,0
210961,0
210962,0
210963,0
210964,0
210965,0
210966,0
210967,0
210968,0
210969,0
210970,0
210971,2
210972,2
210973,2
210974,2
210975,0
210976,0
210977,0
210978,0
210979,0
210980,0
210981,4
210982,4
210983,2
210984,2
210985,2
210986,2
210987,2
210988,2
210989,0
210990,0
210991,0
210992,0
210993,0
210994,0
210995,0
210996,0
210997,0
210998,0
210999,0
211000,0
211001,0
211002,0
211003,0
211004,0
211005,0
211006,0
211007,0
211008,0
211009,0
211010,1
211011,1
211012,1
211013,1
211014,0
211015,0
211016,1
211017,1
211018,0
211019,0
211020,0
211021,0
211022,0
211023,1
211024,0
211025,0
211026,0
211027,0
211028,0
211029,0
211030,0
211031,0
211032,1
211033,1
211034,1
211035,1
211036,0
211037,0
211038,0
211039,0
211040,0
211041,2
211042,0
211043,0
211044,0
211045,0
211046,0
211047,0
211048,0
211049,0
211050,0
211051,0
211052,0
211053,0
211054,0
211055,0
211056,0
211057,1
211058,1
211059,1
211060,0
211061,0
211062,0
211063,1
211064,1
211065,1
211066,1
211067,0
211068,0
211069,0
211070,0
211071,0
211072,0
211073,0
211074,0
211075,0
211076,0
211077,0
211078,0
211079,0
211080,0
211081,0
211082,0
211083,0
211084,0
211085,0
211086,0
211087,1
211088,0
211089,0
211090,0
211091,0
211092,1
211093,1
211094,1
211095,1
211096,1
211097,1
211098,0
211099,0
211100,0
211101,0
211102,0
211103,0
211104,0
211105,1
211106,1
211107,0
211108,1
211109,1
211110,0
211111,0
211112,0
211113,0
211114,0
211115,0
211116,0
211117,1
211118,1
211119,1
211120,1
211121,1
211122,0
211123,1
211124,1
211125,0
211126,1
211127,1
211128,1
211129,1
211130,1
211131,1
211132,1
211133,2
211134,0
211135,0
211136,0
211137,0
211138,1
211139,1
211140,1
211141,1
211142,1
211143,0
211144,0
211145,0
211146,1
211147,1
211148,1
211149,0
211150,0
211151,0
211152,0
211153,1
211154,0
211155,0
211156,1
211157,0
211158,0
211159,0
211160,0
211161,0
211162,0
211163,1
211164,1
211165,1
211166,1
211167,0
211168,2
211169,0
211170,0
211171,0
211172,0
211173,0
211174,0
211175,0
211176,0
211177,0
211178,0
211179,0
211180,0
211181,0
211182,0
211183,0
211184,0
211185,1
211186,1
211187,2
211188,2
211189,0
211190,2
211191,2
211192,0
211193,0
211194,2
211195,2
211196,2
211197,0
211198,2
211199,0
211200,1
211201,0
211202,0
211203,1
211204,0
211205,0
211206,0
211207,0
211208,0
211209,0
211210,0
211211,0
211212,0
211213,0
211214,0
211215,1
211216,1
211217,1
211218,1
211219,0
211220,0
211221,0
211222,1
211223,1
211224,0
211225,1
211226,1
211227,1
211228,0
211229,0
211230,0
211231,0
211232,0
211233,0
211234,0
211235,0
211236,0
211237,0
211238,1
211239,1
211240,0
211241,1
211242,0
211243,2
211244,2
211245,2
211246,0
211247,0
211248,0
211249,0
211250,0
211251,1
211252,0
211253,0
211254,0
211255,0
211256,0
211257,0
211258,0
211259,1
211260,1
211261,0
211262,0
211263,0
211264,0
211265,0
211266,0
211267,0
211268,0
211269,0
211270,0
211271,2
211272,0
211273,0
211274,1
211275,1
211276,2
211277,1
211278,0
211279,1
211280,1
211281,0
211282,1
211283,1
211284,1
211285,2
211286,0
211287,4
211288,0
211289,0
211290,0
211291,2
211292,2
211293,2
211294,0
211295,0
211296,0
211297,0
211298,0
211299,1
211300,0
211301,1
211302,1
211303,1
211304,0
211305,1
211306,1
211307,1
211308,1
211309,1
211310,0
211311,1
211312,1
211313,1
211314,1
211315,0
211316,0
211317,0
211318,0
211319,0
211320,0
211321,0
211322,0
211323,0
211324,0
211325,0
211326,0
211327,0
211328,0
211329,1
211330,1
211331,1
211332,1
211333,0
211334,0
211335,0
211336,0
211337,0
211338,0
211339,0
211340,2
211341,2
211342,2
211343,2
211344,2
211345,0
211346,0
211347,0
211348,0
211349,0
211350,0
211351,0
211352,0
211353,0
211354,0
211355,4
211356,2
211357,1
211358,1
211359,1
211360,0
211361,0
211362,0
211363,0
211364,4
211365,2
211366,0
211367,1
211368,1
211369,1
211370,1
211371,1
211372,0
211373,0
211374,0
211375,0
211376,0
211377,0
211378,0
211379,0
211380,0
211381,0
211382,0
211383,0
211384,0
211385,3
211386,3
211387,3
211388,1
211389,1
211390,3
211391,3
211392,3
211393,3
211394,1
211395,1
211396,1
211397,1
211398,0
211399,0
211400,0
211401,0
211402,0
211403,2
211404,2
211405,0
211406,0
211407,2
211408,2
211409,0
211410,0
211411,0
211412,0
211413,0
211414,0
211415,2
211416,2
211417,2
211418,2
211419,2
211420,0
211421,2
211422,0
211423,2
211424,1
211425,1
211426,1
211427,1
211428,0
211429,0
211430,0
211431,1
211432,1
211433,0
211434,1
211435,1
211436,1
211437,1
211438,0
211439,0
211440,0
211441,1
211442,1
211443,1
211444,1
211445,1
211446,1
211447,1
211448,1
211449,0
211450,0
211451,3
211452,1
211453,1
211454,1
211455,0
211456,0
211457,1
211458,1
211459,1
211460,0
211461,1
211462,1
211463,1
211464,0
211465,0
211466,0
211467,1
211468,1
211469,1
211470,1
211471,0
211472,0
211473,0
211474,0
211475,0
211476,0
211477,0
211478,0
211479,0
211480,1
211481,1
211482,1
211483,1
211484,0
211485,0
211486,0
211487,0
211488,0
211489,0
211490,0
211491,0
211492,0
211493,0
211494,0
211495,0
211496,0
211497,0
211498,0
211499,0
211500,1
211501,1
211502,1
211503,0
211504,0
211505,1
211506,1
211507,0
211508,1
211509,1
211510,1
211511,0
211512,1
211513,1
211514,1
211515,1
211516,1
211517,1
211518,1
211519,0
211520,0
211521,0
211522,0
211523,0
211524,0
211525,0
211526,0
211527,0
211528,0
211529,0
211530,0
211531,0
211532,0
211533,0
211534,0
211535,0
211536,0
211537,0
211538,0
211539,0
211540,0
211541,0
211542,0
211543,0
211544,0
211545,0
211546,0
211547,0
211548,0
211549,0
211550,0
211551,2
211552,2
211553,0
211554,0
211555,0
211556,0
211557,0
211558,1
211559,1
211560,2
211561,1
211562,1
211563,2
211564,2
211565,2
211566,0
211567,2
211568,0
211569,0
211570,1
211571,1
211572,0
211573,0
211574,0
211575,0
211576,0
211577,0
211578,0
211579,1
211580,1
211581,1
211582,1
211583,0
211584,0
211585,0
211586,0
211587,0
211588,0
211589,1
211590,3
211591,1
211592,1
211593,0
211594,0
211595,0
211596,0
211597,0
211598,0
211599,0
211600,0
211601,0
211602,0
211603,0
211604,0
211605,0
211606,0
211607,0
211608,0
211609,1
211610,1
211611,1
211612,1
211613,1
211614,1
211615,0
211616,2
211617,2
211618,0
211619,0
211620,0
211621,0
211622,0
211623,0
211624,0
211625,0
211626,0
211627,0
211628,0
211629,0
211630,0
211631,1
211632,0
211633,0
211634,0
211635,0
211636,1
211637,1
211638,1
211639,1
211640,1
211641,1
211642,0
211643,0
211644,0
211645,0
211646,0
211647,2
211648,0
211649,0
211650,0
211651,0
211652,2
211653,2
211654,2
211655,0
211656,0
211657,0
211658,0
211659,0
211660,0
211661,0
211662,0
211663,2
211664,0
211665,0
211666,0
211667,2
211668,1
211669,1
211670,1
211671,1
211672,1
211673,0
211674,2
211675,2
211676,2
211677,2
211678,2
211679,2
211680,2
211681,0
211682,0
211683,0
211684,2
211685,2
211686,0
211687,0
211688,2
211689,2
211690,2
211691,4
211692,2
211693,0
211694,0
211695,0
211696,2
211697,2
211698,2
211699,2
211700,0
211701,2
211702,2
211703,0
211704,0
211705,0
211706,0
211707,0
211708,0
211709,0
211710,0
211711,0
211712,0
211713,0
211714,1
211715,1
211716,1
211717,1
211718,1
211719,1
211720,0
211721,0
211722,0
211723,0
211724,0
211725,1
211726,2
211727,0
211728,0
211729,0
211730,0
211731,1
211732,1
211733,1
211734,2
211735,2
211736,0
211737,0
211738,0
211739,0
211740,0
211741,0
211742,0
211743,0
211744,0
211745,0
211746,2
211747,0
211748,0
211749,0
211750,0
211751,1
211752,1
211753,1
211754,1
211755,1
211756,0
211757,0
211758,1
211759,1
211760,0
211761,0
211762,0
211763,0
211764,0
211765,0
211766,0
211767,1
211768,1
211769,1
211770,0
211771,0
211772,0
211773,0
211774,0
211775,2
211776,2
211777,2
211778,2
211779,2
211780,2
211781,0
211782,2
211783,0
211784,0
211785,0
211786,0
211787,0
211788,0
211789,0
211790,0
211791,2
211792,0
211793,0
211794,1
211795,1
211796,1
211797,1
211798,1
211799,1
211800,0
211801,0
211802,0
211803,0
211804,0
211805,0
211806,0
211807,0
211808,0
211809,0
211810,0
211811,0
211812,0
211813,0
211814,0
211815,0
211816,0
211817,0
211818,0
211819,0
211820,0
211821,0
211822,0
211823,0
211824,0
211825,2
211826,2
211827,2
211828,0
211829,0
211830,2
211831,0
211832,0
211833,0
211834,1
211835,1
211836,1
211837,1
211838,1
211839,1
211840,0
211841,0
211842,0
211843,0
211844,0
211845,0
211846,0
211847,0
211848,0
211849,0
211850,0
211851,0
211852,0
211853,0
211854,0
211855,1
211856,1
211857,0
211858,0
211859,0
211860,0
211861,1
211862,0
211863,0
211864,1
211865,0
211866,0
211867,0
211868,0
211869,0
211870,0
211871,0
211872,0
211873,0
211874,0
211875,0
211876,1
211877,1
211878,1
211879,0
211880,0
211881,0
211882,0
211883,1
211884,1
211885,1
211886,1
211887,1
211888,1
211889,1
211890,2
211891,0
211892,0
211893,1
211894,1
211895,1
211896,1
211897,1
211898,1
211899,1
211900,0
211901,0
211902,0
211903,0
211904,0
211905,0
211906,0
211907,0
211908,0
211909,0
211910,0
211911,1
211912,0
211913,0
211914,0
211915,0
211916,0
211917,0
211918,0
211919,0
211920,0
211921,0
211922,0
211923,0
211924,0
211925,1
211926,1
211927,1
211928,3
211929,0
211930,0
211931,0
211932,0
211933,0
211934,1
211935,0
211936,0
211937,0
211938,0
211939,0
211940,0
211941,0
211942,0
211943,0
211944,2
211945,0
211946,2
211947,2
211948,2
211949,2
211950,0
211951,0
211952,0
211953,0
211954,0
211955,0
211956,4
211957,4
211958,4
211959,4
211960,4
211961,2
211962,1
211963,1
211964,4
211965,4
211966,4
211967,2
211968,0
211969,0
211970,0
211971,0
211972,0
211973,0
211974,0
211975,0
211976,0
211977,0
211978,0
211979,0
211980,0
211981,0
211982,0
211983,0
211984,0
211985,0
211986,0
211987,0
211988,0
211989,0
211990,0
211991,0
211992,0
211993,0
211994,0
211995,2
211996,0
211997,0
211998,0
211999,0
212000,0
212001,2
212002,2
212003,0
212004,0
212005,0
212006,0
212007,0
212008,0
212009,0
212010,0
212011,0
212012,0
212013,0
212014,0
212015,0
212016,0
212017,2
212018,0
212019,0
212020,0
212021,0
212022,0
212023,0
212024,0
212025,0
212026,0
212027,0
212028,0
212029,0
212030,0
212031,0
212032,0
212033,0
212034,2
212035,2
212036,2
212037,2
212038,0
212039,2
212040,0
212041,0
212042,0
212043,0
212044,0
212045,0
212046,0
212047,2
212048,2
212049,0
212050,0
212051,0
212052,0
212053,0
212054,1
212055,0
212056,0
212057,0
212058,0
212059,0
212060,0
212061,0
212062,0
212063,0
212064,0
212065,0
212066,2
212067,0
212068,0
212069,0
212070,0
212071,0
212072,0
212073,0
212074,0
212075,2
212076,2
212077,0
212078,2
212079,2
212080,0
212081,0
212082,0
212083,0
212084,0
212085,0
212086,0
212087,1
212088,1
212089,0
212090,0
212091,0
212092,0
212093,1
212094,1
212095,1
212096,1
212097,0
212098,0
212099,0
212100,0
212101,1
212102,0
212103,0
212104,0
212105,0
212106,0
212107,0
212108,0
212109,0
212110,0
212111,0
212112,0
212113,0
212114,1
212115,1
212116,1
212117,1
212118,1
212119,1
212120,1
212121,1
212122,1
212123,0
212124,0
212125,1
212126,0
212127,1
212128,1
212129,0
212130,0
212131,0
212132,0
212133,0
212134,0
212135,0
212136,0
212137,0
212138,0
212139,0
212140,0
212141,0
212142,0
212143,0
212144,0
212145,0
212146,1
212147,1
212148,2
212149,0
212150,0
212151,0
212152,0
212153,0
212154,0
212155,2
212156,2
212157,0
212158,0
212159,0
212160,0
212161,0
212162,0
212163,0
212164,0
212165,0
212166,0
212167,0
212168,0
212169,0
212170,0
212171,0
212172,0
212173,0
212174,0
212175,0
212176,0
212177,0
212178,0
212179,0
212180,0
212181,0
212182,0
212183,0
212184,2
212185,0
212186,0
212187,2
212188,2
212189,0
212190,2
212191,2
212192,0
212193,2
212194,2
212195,2
212196,2
212197,0
212198,0
212199,0
212200,2
212201,2
212202,0
212203,2
212204,0
212205,2
212206,2
212207,2
212208,2
212209,0
212210,2
212211,0
212212,2
212213,2
212214,2
212215,0
212216,0
212217,0
212218,0
212219,0
212220,0
212221,0
212222,0
212223,0
212224,0
212225,0
212226,0
212227,3
212228,1
212229,0
212230,0
212231,1
212232,0
212233,1
212234,1
212235,1
212236,1
212237,0
212238,0
212239,0
212240,0
212241,0
212242,0
212243,0
212244,0
212245,0
212246,1
212247,1
212248,1
212249,1
212250,0
212251,0
212252,0
212253,0
212254,0
212255,0
212256,1
212257,0
212258,0
212259,0
212260,0
212261,0
212262,0
212263,0
212264,2
212265,2
212266,0
212267,0
212268,0
212269,0
212270,0
212271,0
212272,0
212273,0
212274,0
212275,0
212276,0
212277,1
212278,0
212279,1
212280,1
212281,0
212282,1
212283,1
212284,1
212285,1
212286,0
212287,0
212288,0
212289,0
212290,1
212291,1
212292,0
212293,1
212294,1
212295,0
212296,0
212297,0
212298,1
212299,1
212300,2
212301,2
212302,0
212303,0
212304,2
212305,2
212306,0
212307,1
212308,0
212309,0
212310,0
212311,0
212312,0
212313,0
212314,0
212315,0
212316,0
212317,0
212318,0
212319,0
212320,0
212321,0
212322,0
212323,0
212324,0
212325,0
212326,4
212327,4
212328,2
212329,2
212330,2
212331,2
212332,0
212333,0
212334,0
212335,0
212336,0
212337,0
212338,2
212339,2
212340,1
212341,1
212342,0
212343,0
212344,1
212345,0
212346,2
212347,0
212348,0
212349,2
212350,2
212351,2
212352,2
212353,0
212354,2
212355,0
212356,0
212357,2
212358,1
212359,0
212360,1
212361,0
212362,1
212363,1
212364,0
212365,0
212366,0
212367,0
212368,0
212369,0
212370,2
212371,2
212372,0
212373,0
212374,0
212375,0
212376,0
212377,0
212378,0
212379,1
212380,0
212381,0
212382,0
212383,0
212384,0
212385,0
212386,0
212387,0
212388,0
212389,0
212390,0
212391,0
212392,0
212393,0
212394,0
212395,0
212396,0
212397,1
212398,0
212399,0
212400,0
212401,1
212402,1
212403,0
212404,0
212405,0
212406,2
212407,2
212408,0
212409,0
212410,0
212411,0
212412,0
212413,0
212414,0
212415,0
212416,0
212417,2
212418,2
212419,2
212420,2
212421,2
212422,2
212423,2
212424,2
212425,2
212426,0
212427,0
212428,0
212429,0
212430,2
212431,2
212432,2
212433,2
212434,0
212435,0
212436,0
212437,0
212438,0
212439,0
212440,0
212441,2
212442,0
212443,0
212444,2
212445,0
212446,0
212447,0
212448,0
212449,0
212450,0
212451,0
212452,0
212453,0
212454,0
212455,0
212456,0
212457,0
212458,0
212459,1
212460,1
212461,2
212462,0
212463,0
212464,0
212465,0
212466,0
212467,0
212468,2
212469,2
212470,2
212471,2
212472,0
212473,0
212474,0
212475,0
212476,2
212477,1
212478,0
212479,0
212480,1
212481,0
212482,0
212483,0
212484,0
212485,0
212486,0
212487,2
212488,0
212489,0
212490,0
212491,0
212492,0
212493,2
212494,2
212495,2
212496,2
212497,2
212498,0
212499,0
212500,0
212501,0
212502,0
212503,0
212504,0
212505,0
212506,0
212507,0
212508,2
212509,2
212510,2
212511,2
212512,0
212513,0
212514,0
212515,0
212516,0
212517,0
212518,0
212519,1
212520,1
212521,0
212522,0
212523,0
212524,0
212525,0
212526,0
212527,1
212528,0
212529,0
212530,0
212531,0
212532,0
212533,0
212534,0
212535,0
212536,0
212537,0
212538,0
212539,0
212540,2
212541,2
212542,2
212543,2
212544,0
212545,0
212546,0
212547,0
212548,0
212549,1
212550,1
212551,1
212552,1
212553,1
212554,1
212555,1
212556,1
212557,0
212558,0
212559,0
212560,0
212561,0
212562,1
212563,0
212564,0
212565,0
212566,1
212567,1
212568,0
212569,1
212570,1
212571,1
212572,1
212573,0
212574,0
212575,0
212576,0
212577,0
212578,0
212579,0
212580,0
212581,0
212582,0
212583,0
212584,1
212585,0
212586,1
212587,1
212588,1
212589,0
212590,0
212591,0
212592,0
212593,2
212594,1
212595,1
212596,1
212597,0
212598,1
212599,1
212600,1
212601,1
212602,0
212603,1
212604,1
212605,1
212606,1
212607,1
212608,3
212609,0
212610,0
212611,0
212612,0
212613,0
212614,0
212615,0
212616,0
212617,1
212618,1
212619,1
212620,0
212621,0
212622,1
212623,1
212624,1
212625,1
212626,1
212627,1
212628,1
212629,0
212630,0
212631,1
212632,2
212633,2
212634,1
212635,1
212636,1
212637,1
212638,1
212639,1
212640,1
212641,0
212642,0
212643,0
212644,0
212645,0
212646,0
212647,0
212648,0
212649,0
212650,0
212651,0
212652,0
212653,0
212654,0
212655,0
212656,0
212657,0
212658,0
212659,0
212660,0
212661,0
212662,0
212663,0
212664,4
212665,0
212666,0
212667,0
212668,0
212669,0
212670,0
212671,0
212672,0
212673,4
212674,4
212675,4
212676,2
212677,0
212678,0
212679,0
212680,0
212681,0
212682,0
212683,0
212684,0
212685,0
212686,0
212687,0
212688,0
212689,0
212690,0
212691,0
212692,0
212693,2
212694,0
212695,2
212696,2
212697,2
212698,2
212699,2
212700,0
212701,0
212702,0
212703,0
212704,0
212705,0
212706,0
212707,0
212708,2
212709,2
212710,0
212711,0
212712,0
212713,0
212714,0
212715,1
212716,0
212717,0
212718,0
212719,0
212720,0
212721,0
212722,0
212723,0
212724,0
212725,0
212726,0
212727,0
212728,0
212729,0
212730,0
212731,2
212732,1
212733,1
212734,2
212735,4
212736,2
212737,2
212738,0
212739,0
212740,2
212741,2
212742,0
212743,0
212744,0
212745,0
212746,0
212747,0
212748,0
212749,0
212750,2
212751,0
212752,0
212753,0
212754,0
212755,0
212756,0
212757,0
212758,0
212759,0
212760,0
212761,0
212762,0
212763,0
212764,0
212765,0
212766,0
212767,2
212768,0
212769,2
212770,2
212771,0
212772,2
212773,0
212774,2
212775,0
212776,2
212777,2
212778,0
212779,0
212780,0
212781,0
212782,0
212783,0
212784,0
212785,0
212786,0
212787,0
212788,1
212789,1
212790,1
212791,1
212792,1
212793,0
212794,0
212795,0
212796,0
212797,0
212798,0
212799,0
212800,0
212801,0
212802,0
212803,0
212804,0
212805,0
212806,0
212807,0
212808,0
212809,0
212810,0
212811,0
212812,1
212813,0
212814,0
212815,0
212816,0
212817,0
212818,0
212819,0
212820,0
212821,0
212822,0
212823,2
212824,2
212825,2
212826,0
212827,0
212828,0
212829,0
212830,0
212831,0
212832,0
212833,0
212834,0
212835,0
212836,0
212837,0
212838,0
212839,0
212840,0
212841,0
212842,0
212843,0
212844,0
212845,0
212846,0
212847,0
212848,0
212849,0
212850,0
212851,0
212852,0
212853,0
212854,0
212855,0
212856,0
212857,0
212858,2
212859,0
212860,0
212861,0
212862,0
212863,0
212864,0
212865,0
212866,0
212867,0
212868,0
212869,0
212870,0
212871,0
212872,0
212873,0
212874,0
212875,1
212876,0
212877,0
212878,0
212879,0
212880,0
212881,0
212882,0
212883,0
212884,0
212885,0
212886,0
212887,0
212888,1
212889,0
212890,0
212891,0
212892,0
212893,0
212894,0
212895,0
212896,1
212897,0
212898,0
212899,0
212900,0
212901,0
212902,0
212903,0
212904,0
212905,1
212906,1
212907,1
212908,1
212909,0
212910,1
212911,0
212912,0
212913,0
212914,0
212915,1
212916,0
212917,0
212918,0
212919,0
212920,0
212921,0
212922,2
212923,2
212924,0
212925,1
212926,1
212927,0
212928,0
212929,0
212930,0
212931,0
212932,0
212933,0
212934,0
212935,2
212936,2
212937,2
212938,0
212939,0
212940,0
212941,0
212942,0
212943,0
212944,0
212945,0
212946,0
212947,0
212948,0
212949,0
212950,0
212951,2
212952,0
212953,0
212954,2
212955,0
212956,0
212957,0
212958,0
212959,0
212960,0
212961,0
212962,0
212963,0
212964,0
212965,0
212966,0
212967,0
212968,0
212969,0
212970,0
212971,0
212972,0
212973,0
212974,0
212975,0
212976,0
212977,0
212978,0
212979,0
212980,0
212981,0
212982,0
212983,0
212984,0
212985,0
212986,0
212987,0
212988,0
212989,0
212990,0
212991,0
212992,0
212993,2
212994,2
212995,0
212996,0
212997,0
212998,0
212999,0
213000,0
213001,0
213002,0
213003,0
213004,0
213005,0
213006,0
213007,0
213008,0
213009,0
213010,0
213011,0
213012,0
213013,0
213014,0
213015,1
213016,0
213017,0
213018,0
213019,0
213020,3
213021,3
213022,1
213023,1
213024,1
213025,1
213026,1
213027,1
213028,1
213029,1
213030,1
213031,1
213032,1
213033,0
213034,0
213035,0
213036,0
213037,0
213038,0
213039,0
213040,0
213041,0
213042,0
213043,2
213044,0
213045,0
213046,0
213047,0
213048,0
213049,0
213050,0
213051,0
213052,1
213053,0
213054,2
213055,2
213056,0
213057,0
213058,0
213059,2
213060,2
213061,1
213062,1
213063,1
213064,2
213065,2
213066,2
213067,2
213068,1
213069,1
213070,0
213071,0
213072,0
213073,0
213074,0
213075,0
213076,0
213077,0
213078,0
213079,0
213080,0
213081,0
213082,0
213083,0
213084,4
213085,0
213086,0
213087,0
213088,0
213089,0
213090,0
213091,0
213092,2
213093,0
213094,0
213095,0
213096,0
213097,0
213098,0
213099,2
213100,2
213101,0
213102,0
213103,0
213104,4
213105,4
213106,1
213107,0
213108,0
213109,0
213110,0
213111,0
213112,0
213113,0
213114,0
213115,0
213116,0
213117,0
213118,2
213119,2
213120,2
213121,2
213122,0
213123,0
213124,0
213125,0
213126,0
213127,0
213128,0
213129,0
213130,0
213131,0
213132,0
213133,0
213134,0
213135,0
213136,0
213137,0
213138,0
213139,0
213140,0
213141,0
213142,0
213143,0
213144,2
213145,0
213146,0
213147,0
213148,0
213149,4
213150,2
213151,0
213152,0
213153,0
213154,0
213155,2
213156,4
213157,4
213158,0
213159,0
213160,0
213161,0
213162,0
213163,0
213164,3
213165,3
213166,3
213167,3
213168,3
213169,0
213170,0
213171,0
213172,0
213173,0
213174,0
213175,0
213176,3
213177,3
213178,3
213179,0
213180,3
213181,3
213182,2
213183,2
213184,2
213185,1
213186,1
213187,1
213188,1
213189,1
213190,1
213191,0
213192,0
213193,0
213194,0
213195,0
213196,0
213197,0
213198,0
213199,0
213200,2
213201,2
213202,0
213203,2
213204,2
213205,2
213206,0
213207,0
213208,0
213209,0
213210,0
213211,0
213212,0
213213,4
213214,4
213215,2
213216,4
213217,0
213218,0
213219,4
213220,0
213221,0
213222,0
213223,2
213224,2
213225,0
213226,0
213227,0
213228,2
213229,2
213230,2
213231,0
213232,2
213233,2
213234,0
213235,0
213236,0
213237,0
213238,0
213239,0
213240,0
213241,0
213242,0
213243,0
213244,0
213245,0
213246,0
213247,0
213248,1
213249,1
213250,1
213251,1
213252,0
213253,2
213254,2
213255,2
213256,2
213257,0
213258,0
213259,0
213260,0
213261,0
213262,0
213263,0
213264,0
213265,0
213266,0
213267,1
213268,1
213269,1
213270,1
213271,1
213272,0
213273,1
213274,0
213275,0
213276,0
213277,0
213278,0
213279,0
213280,0
213281,0
213282,0
213283,0
213284,1
213285,1
213286,0
213287,1
213288,0
213289,0
213290,0
213291,0
213292,0
213293,0
213294,0
213295,0
213296,2
213297,2
213298,2
213299,2
213300,2
213301,0
213302,0
213303,0
213304,0
213305,0
213306,0
213307,0
213308,0
213309,0
213310,0
213311,0
213312,0
213313,0
213314,0
213315,1
213316,0
213317,0
213318,0
213319,0
213320,0
213321,0
213322,0
213323,0
213324,0
213325,0
213326,0
213327,0
213328,3
213329,3
213330,0
213331,0
213332,0
213333,0
213334,0
213335,0
213336,0
213337,3
213338,3
213339,3
213340,3
213341,0
213342,0
213343,0
213344,0
213345,0
213346,0
213347,0
213348,0
213349,0
213350,0
213351,0
213352,0
213353,0
213354,0
213355,0
213356,0
213357,2
213358,0
213359,0
213360,0
213361,0
213362,0
213363,0
213364,0
213365,0
213366,0
213367,0
213368,0
213369,0
213370,0
213371,0
213372,0
213373,0
213374,0
213375,0
213376,0
213377,0
213378,0
213379,0
213380,0
213381,0
213382,0
213383,0
213384,0
213385,0
213386,0
213387,0
213388,1
213389,1
213390,1
213391,0
213392,0
213393,0
213394,0
213395,0
213396,0
213397,0
213398,0
213399,0
213400,0
213401,0
213402,0
213403,0
213404,0
213405,1
213406,1
213407,1
213408,1
213409,1
213410,1
213411,1
213412,1
213413,1
213414,1
213415,1
213416,0
213417,0
213418,0
213419,0
213420,0
213421,0
213422,0
213423,0
213424,0
213425,0
213426,0
213427,0
213428,0
213429,0
213430,0
213431,2
213432,2
213433,2
213434,4
213435,4
213436,0
213437,4
213438,4
213439,4
213440,0
213441,0
213442,0
213443,0
213444,0
213445,0
213446,0
213447,0
213448,0
213449,0
213450,0
213451,0
213452,0
213453,0
213454,1
213455,1
213456,1
213457,0
213458,0
213459,1
213460,1
213461,1
213462,0
213463,1
213464,1
213465,1
213466,1
213467,0
213468,0
213469,0
213470,0
213471,0
213472,0
213473,2
213474,2
213475,0
213476,1
213477,1
213478,1
213479,1
213480,0
213481,0
213482,0
213483,0
213484,2
213485,0
213486,1
213487,0
213488,0
213489,0
213490,0
213491,0
213492,0
213493,0
213494,0
213495,0
213496,0
213497,0
213498,0
213499,1
213500,0
213501,0
213502,0
213503,0
213504,0
213505,0
213506,0
213507,0
213508,0
213509,0
213510,0
213511,0
213512,2
213513,2
213514,2
213515,0
213516,2
213517,2
213518,0
213519,0
213520,0
213521,0
213522,0
213523,0
213524,0
213525,0
213526,0
213527,0
213528,1
213529,0
213530,0
213531,0
213532,2
213533,2
213534,0
213535,0
213536,1
213537,1
213538,0
213539,0
213540,0
213541,0
213542,2
213543,2
213544,2
213545,2
213546,2
213547,2
213548,2
213549,0
213550,1
213551,1
213552,1
213553,0
213554,0
213555,0
213556,0
213557,0
213558,0
213559,0
213560,0
213561,0
213562,0
213563,0
213564,0
213565,0
213566,2
213567,1
213568,1
213569,0
213570,0
213571,0
213572,0
213573,0
213574,0
213575,0
213576,0
213577,0
213578,0
213579,0
213580,0
213581,0
213582,0
213583,0
213584,0
213585,0
213586,0
213587,1
213588,0
213589,1
213590,1
213591,1
213592,1
213593,1
213594,1
213595,1
213596,0
213597,0
213598,0
213599,0
213600,0
213601,0
213602,0
213603,0
213604,0
213605,0
213606,0
213607,0
213608,0
213609,0
213610,0
213611,2
213612,1
213613,1
213614,1
213615,1
213616,1
213617,1
213618,1
213619,0
213620,0
213621,0
213622,0
213623,0
213624,0
213625,0
213626,0
213627,0
213628,0
213629,1
213630,1
213631,1
213632,1
213633,0
213634,0
213635,0
213636,0
213637,0
213638,0
213639,0
213640,0
213641,0
213642,0
213643,0
213644,0
213645,0
213646,0
213647,0
213648,0
213649,0
213650,0
213651,0
213652,0
213653,1
213654,1
213655,0
213656,0
213657,0
213658,0
213659,0
213660,3
213661,1
213662,3
213663,3
213664,0
213665,0
213666,0
213667,1
213668,0
213669,0
213670,0
213671,1
213672,0
213673,0
213674,0
213675,0
213676,0
213677,0
213678,0
213679,1
213680,1
213681,1
213682,1
213683,1
213684,0
213685,0
213686,0
213687,0
213688,0
213689,0
213690,0
213691,0
213692,0
213693,0
213694,0
213695,0
213696,0
213697,0
213698,0
213699,0
213700,0
213701,2
213702,2
213703,0
213704,0
213705,0
213706,0
213707,0
213708,0
213709,0
213710,1
213711,1
213712,1
213713,1
213714,0
213715,0
213716,0
213717,0
213718,0
213719,0
213720,0
213721,0
213722,0
213723,0
213724,0
213725,1
213726,0
213727,0
213728,0
213729,0
213730,1
213731,0
213732,0
213733,0
213734,0
213735,2
213736,0
213737,0
213738,0
213739,0
213740,2
213741,1
213742,0
213743,0
213744,1
213745,1
213746,1
213747,0
213748,0
213749,0
213750,0
213751,0
213752,0
213753,0
213754,0
213755,0
213756,0
213757,4
213758,4
213759,1
213760,0
213761,0
213762,0
213763,0
213764,0
213765,0
213766,4
213767,0
213768,1
213769,1
213770,1
213771,4
213772,0
213773,4
213774,4
213775,0
213776,0
213777,0
213778,2
213779,2
213780,1
213781,1
213782,0
213783,2
213784,2
213785,2
213786,1
213787,0
213788,0
213789,0
213790,1
213791,0
213792,1
213793,1
213794,0
213795,1
213796,1
213797,1
213798,0
213799,0
213800,0
213801,0
213802,0
213803,0
213804,0
213805,0
213806,0
213807,0
213808,0
213809,0
213810,0
213811,2
213812,2
213813,0
213814,0
213815,0
213816,1
213817,0
213818,0
213819,2
213820,0
213821,0
213822,0
213823,0
213824,0
213825,0
213826,0
213827,0
213828,0
213829,0
213830,0
213831,4
213832,2
213833,2
213834,2
213835,2
213836,2
213837,4
213838,1
213839,0
213840,0
213841,0
213842,3
213843,3
213844,0
213845,0
213846,0
213847,1
213848,1
213849,3
213850,3
213851,1
213852,1
213853,0
213854,1
213855,1
213856,1
213857,1
213858,0
213859,0
213860,0
213861,0
213862,0
213863,1
213864,1
213865,0
213866,0
213867,0
213868,0
213869,0
213870,0
213871,0
213872,0
213873,0
213874,0
213875,0
213876,0
213877,0
213878,0
213879,0
213880,0
213881,0
213882,0
213883,0
213884,0
213885,0
213886,0
213887,0
213888,0
213889,0
213890,0
213891,0
213892,0
213893,0
213894,0
213895,0
213896,0
213897,0
213898,0
213899,0
213900,0
213901,0
213902,0
213903,1
213904,1
213905,0
213906,0
213907,0
213908,0
213909,0
213910,0
213911,0
213912,0
213913,0
213914,0
213915,0
213916,1
213917,1
213918,1
213919,1
213920,1
213921,1
213922,1
213923,0
213924,2
213925,2
213926,0
213927,1
213928,1
213929,1
213930,0
213931,0
213932,0
213933,0
213934,0
213935,0
213936,0
213937,0
213938,0
213939,0
213940,0
213941,0
213942,0
213943,0
213944,0
213945,0
213946,0
213947,0
213948,1
213949,0
213950,0
213951,0
213952,0
213953,1
213954,0
213955,0
213956,0
213957,2
213958,1
213959,0
213960,0
213961,0
213962,2
213963,2
213964,2
213965,0
213966,0
213967,0
213968,0
213969,2
213970,2
213971,2
213972,2
213973,2
213974,0
213975,0
213976,0
213977,0
213978,2
213979,2
213980,0
213981,2
213982,2
213983,0
213984,2
213985,2
213986,0
213987,0
213988,0
213989,0
213990,0
213991,0
213992,3
213993,1
213994,0
213995,1
213996,1
213997,0
213998,0
213999,3
214000,3
214001,3
214002,1
214003,1
214004,1
214005,0
214006,0
214007,0
214008,0
214009,0
214010,0
214011,0
214012,0
214013,0
214014,0
214015,0
214016,0
214017,1
214018,0
214019,0
214020,0
214021,0
214022,0
214023,1
214024,0
214025,0
214026,0
214027,0
214028,0
214029,0
214030,0
214031,0
214032,0
214033,0
214034,0
214035,0
214036,0
214037,0
214038,0
214039,1
214040,1
214041,1
214042,1
214043,1
214044,0
214045,0
214046,0
214047,1
214048,1
214049,1
214050,1
214051,1
214052,0
214053,0
214054,0
214055,0
214056,0
214057,0
214058,0
214059,0
214060,0
214061,0
214062,2
214063,2
214064,2
214065,2
214066,0
214067,0
214068,0
214069,0
214070,2
214071,2
214072,1
214073,2
214074,0
214075,0
214076,0
214077,0
214078,0
214079,0
214080,0
214081,2
214082,2
214083,0
214084,0
214085,0
214086,0
214087,0
214088,0
214089,0
214090,2
214091,0
214092,0
214093,0
214094,0
214095,0
214096,0
214097,0
214098,0
214099,0
214100,0
214101,0
214102,1
214103,1
214104,1
214105,0
214106,0
214107,0
214108,0
214109,0
214110,0
214111,0
214112,1
214113,0
214114,0
214115,1
214116,1
214117,0
214118,0
214119,2
214120,2
214121,0
214122,0
214123,0
214124,0
214125,1
214126,0
214127,0
214128,1
214129,1
214130,0
214131,1
214132,1
214133,1
214134,1
214135,0
214136,0
214137,0
214138,0
214139,0
214140,1
214141,0
214142,1
214143,1
214144,1
214145,0
214146,1
214147,0
214148,0
214149,0
214150,1
214151,0
214152,0
214153,2
214154,1
214155,1
214156,0
214157,0
214158,0
214159,0
214160,1
214161,1
214162,0
214163,0
214164,1
214165,1
214166,1
214167,0
214168,0
214169,0
214170,0
214171,0
214172,0
214173,0
214174,0
214175,0
214176,0
214177,0
214178,0
214179,0
214180,0
214181,0
214182,0
214183,0
214184,0
214185,0
214186,4
214187,2
214188,2
214189,2
214190,0
214191,1
214192,0
214193,0
214194,0
214195,1
214196,1
214197,1
214198,1
214199,1
214200,1
214201,1
214202,4
214203,4
214204,0
214205,2
214206,2
214207,4
214208,0
214209,2
214210,0
214211,0
214212,0
214213,0
214214,0
214215,0
214216,0
214217,0
214218,0
214219,0
214220,0
214221,0
214222,0
214223,0
214224,0
214225,0
214226,0
214227,0
214228,0
214229,0
214230,0
214231,0
214232,0
214233,0
214234,0
214235,0
214236,0
214237,0
214238,2
214239,0
214240,0
214241,0
214242,1
214243,1
214244,1
214245,1
214246,1
214247,1
214248,1
214249,1
214250,1
214251,1
214252,1
214253,1
214254,1
214255,0
214256,0
214257,1
214258,1
214259,0
214260,0
214261,0
214262,0
214263,2
214264,1
214265,0
214266,0
214267,0
214268,1
214269,1
214270,2
214271,2
214272,0
214273,0
214274,0
214275,0
214276,0
214277,0
214278,0
214279,0
214280,0
214281,0
214282,0
214283,0
214284,0
214285,1
214286,1
214287,0
214288,0
214289,0
214290,0
214291,0
214292,0
214293,0
214294,0
214295,0
214296,0
214297,0
214298,0
214299,2
214300,2
214301,0
214302,0
214303,0
214304,0
214305,0
214306,2
214307,0
214308,0
214309,0
214310,2
214311,0
214312,1
214313,0
214314,0
214315,0
214316,0
214317,0
214318,0
214319,0
214320,0
214321,0
214322,0
214323,0
214324,0
214325,0
214326,0
214327,0
214328,0
214329,0
214330,2
214331,2
214332,2
214333,2
214334,2
214335,2
214336,2
214337,0
214338,0
214339,0
214340,0
214341,2
214342,2
214343,2
214344,2
214345,2
214346,2
214347,0
214348,0
214349,0
214350,0
214351,0
214352,0
214353,0
214354,0
214355,0
214356,0
214357,0
214358,0
214359,0
214360,1
214361,1
214362,1
214363,1
214364,1
214365,1
214366,0
214367,0
214368,0
214369,0
214370,0
214371,1
214372,1
214373,0
214374,0
214375,0
214376,0
214377,0
214378,0
214379,0
214380,0
214381,0
214382,0
214383,0
214384,0
214385,0
214386,0
214387,0
214388,0
214389,0
214390,0
214391,0
214392,0
214393,0
214394,1
214395,0
214396,0
214397,0
214398,0
214399,0
214400,0
214401,0
214402,0
214403,0
214404,1
214405,0
214406,0
214407,0
214408,0
214409,0
214410,0
214411,0
214412,0
214413,0
214414,0
214415,0
214416,0
214417,1
214418,1
214419,1
214420,1
214421,1
214422,0
214423,0
214424,0
214425,1
214426,0
214427,2
214428,0
214429,0
214430,0
214431,2
214432,2
214433,2
214434,2
214435,0
214436,2
214437,2
214438,2
214439,0
214440,0
214441,0
214442,0
214443,1
214444,1
214445,1
214446,1
214447,2
214448,0
214449,2
214450,2
214451,0
214452,0
214453,0
214454,0
214455,0
214456,0
214457,0
214458,0
214459,0
214460,0
214461,0
214462,0
214463,0
214464,0
214465,0
214466,0
214467,0
214468,2
214469,1
214470,1
214471,0
214472,0
214473,1
214474,0
214475,1
214476,1
214477,0
214478,0
214479,1
214480,1
214481,1
214482,1
214483,0
214484,0
214485,0
214486,0
214487,0
214488,0
214489,0
214490,0
214491,0
214492,0
214493,0
214494,0
214495,1
214496,1
214497,1
214498,0
214499,1
214500,0
214501,0
214502,0
214503,0
214504,0
214505,0
214506,0
214507,0
214508,0
214509,0
214510,0
214511,0
214512,0
214513,0
214514,0
214515,0
214516,0
214517,0
214518,0
214519,0
214520,0
214521,0
214522,0
214523,1
214524,1
214525,1
214526,0
214527,0
214528,0
214529,0
214530,0
214531,1
214532,1
214533,0
214534,0
214535,1
214536,1
214537,0
214538,1
214539,1
214540,0
214541,0
214542,0
214543,1
214544,0
214545,0
214546,0
214547,3
214548,1
214549,1
214550,1
214551,1
214552,1
214553,1
214554,1
214555,1
214556,1
214557,0
214558,0
214559,1
214560,1
214561,0
214562,0
214563,0
214564,0
214565,0
214566,0
214567,0
214568,0
214569,0
214570,0
214571,0
214572,0
214573,0
214574,0
214575,0
214576,0
214577,0
214578,0
214579,0
214580,0
214581,0
214582,0
214583,0
214584,0
214585,0
214586,0
214587,0
214588,0
214589,0
214590,0
214591,0
214592,0
214593,0
214594,0
214595,0
214596,1
214597,1
214598,1
214599,1
214600,0
214601,1
214602,1
214603,1
214604,0
214605,0
214606,0
214607,1
214608,0
214609,1
214610,1
214611,1
214612,1
214613,0
214614,0
214615,0
214616,1
214617,1
214618,1
214619,0
214620,0
214621,0
214622,2
214623,2
214624,2
214625,2
214626,0
214627,2
214628,2
214629,2
214630,2
214631,2
214632,0
214633,0
214634,0
214635,0
214636,0
214637,0
214638,0
214639,0
214640,0
214641,0
214642,0
214643,0
214644,0
214645,0
214646,4
214647,2
214648,2
214649,2
214650,2
214651,0
214652,0
214653,0
214654,0
214655,0
214656,0
214657,0
214658,0
214659,0
214660,0
214661,0
214662,0
214663,0
214664,0
214665,0
214666,0
214667,0
214668,0
214669,0
214670,0
214671,0
214672,0
214673,2
214674,2
214675,2
214676,2
214677,0
214678,0
214679,0
214680,0
214681,0
214682,0
214683,1
214684,0
214685,0
214686,0
214687,0
214688,0
214689,0
214690,0
214691,0
214692,0
214693,2
214694,2
214695,2
214696,0
214697,0
214698,0
214699,0
214700,0
214701,0
214702,0
214703,0
214704,0
214705,1
214706,1
214707,0
214708,0
214709,0
214710,0
214711,1
214712,1
214713,1
214714,1
214715,0
214716,1
214717,1
214718,0
214719,0
214720,0
214721,0
214722,0
214723,0
214724,0
214725,0
214726,0
214727,0
214728,0
214729,0
214730,0
214731,0
214732,0
214733,0
214734,0
214735,0
214736,0
214737,0
214738,0
214739,0
214740,0
214741,0
214742,0
214743,0
214744,0
214745,1
214746,1
214747,1
214748,1
214749,0
214750,2
214751,2
214752,2
214753,1
214754,0
214755,0
214756,1
214757,1
214758,0
214759,2
214760,2
214761,2
214762,0
214763,0
214764,1
214765,1
214766,0
214767,0
214768,0
214769,0
214770,1
214771,1
214772,1
214773,1
214774,0
214775,1
214776,0
214777,1
214778,0
214779,0
214780,0
214781,0
214782,0
214783,0
214784,1
214785,1
214786,0
214787,0
214788,0
214789,0
214790,0
214791,0
214792,1
214793,0
214794,0
214795,0
214796,1
214797,1
214798,1
214799,1
214800,0
214801,2
214802,0
214803,1
214804,1
214805,0
214806,0
214807,0
214808,0
214809,0
214810,1
214811,1
214812,1
214813,1
214814,0
214815,0
214816,0
214817,0
214818,0
214819,0
214820,0
214821,0
214822,1
214823,1
214824,0
214825,0
214826,0
214827,1
214828,1
214829,1
214830,0
214831,1
214832,1
214833,1
214834,0
214835,2
214836,0
214837,0
214838,0
214839,0
214840,0
214841,0
214842,0
214843,0
214844,0
214845,0
214846,0
214847,0
214848,0
214849,0
214850,0
214851,1
214852,1
214853,0
214854,0
214855,0
214856,1
214857,3
214858,1
214859,1
214860,1
214861,1
214862,1
214863,3
214864,3
214865,3
214866,0
214867,0
214868,1
214869,0
214870,1
214871,0
214872,0
214873,0
214874,0
214875,0
214876,0
214877,0
214878,0
214879,0
214880,0
214881,0
214882,0
214883,0
214884,0
214885,0
214886,0
214887,0
214888,0
214889,1
214890,1
214891,1
214892,1
214893,0
214894,1
214895,0
214896,1
214897,1
214898,1
214899,1
214900,0
214901,0
214902,0
214903,2
214904,1
214905,0
214906,0
214907,0
214908,0
214909,0
214910,1
214911,1
214912,1
214913,1
214914,1
214915,0
214916,0
214917,2
214918,0
214919,0
214920,0
214921,0
214922,0
214923,0
214924,0
214925,0
214926,0
214927,0
214928,0
214929,1
214930,1
214931,1
214932,1
214933,1
214934,1
214935,0
214936,1
214937,1
214938,0
214939,0
214940,0
214941,0
214942,0
214943,0
214944,0
214945,4
214946,2
214947,0
214948,0
214949,0
214950,2
214951,0
214952,0
214953,0
214954,2
214955,2
214956,2
214957,0
214958,0
214959,0
214960,0
214961,0
214962,0
214963,0
214964,0
214965,0
214966,0
214967,0
214968,0
214969,0
214970,0
214971,0
214972,0
214973,0
214974,1
214975,1
214976,1
214977,1
214978,1
214979,1
214980,1
214981,0
214982,0
214983,0
214984,0
214985,0
214986,0
214987,0
214988,0
214989,1
214990,0
214991,0
214992,2
214993,0
214994,0
214995,2
214996,2
214997,0
214998,0
214999,0
215000,0
215001,0
215002,0
215003,1
215004,1
215005,1
215006,1
215007,1
215008,1
215009,1
215010,1
215011,0
215012,0
215013,0
215014,1
215015,0
215016,0
215017,0
215018,0
215019,0
215020,0
215021,0
215022,2
215023,2
215024,2
215025,2
215026,2
215027,2
215028,2
215029,0
215030,0
215031,0
215032,0
215033,0
215034,0
215035,0
215036,0
215037,0
215038,0
215039,0
215040,0
215041,0
215042,0
215043,0
215044,0
215045,0
215046,0
215047,0
215048,1
215049,0
215050,0
215051,0
215052,0
215053,0
215054,0
215055,1
215056,0
215057,0
215058,0
215059,0
215060,0
215061,1
215062,0
215063,0
215064,1
215065,0
215066,0
215067,0
215068,1
215069,1
215070,1
215071,1
215072,1
215073,1
215074,1
215075,1
215076,0
215077,0
215078,0
215079,0
215080,0
215081,0
215082,1
215083,1
215084,1
215085,1
215086,1
215087,1
215088,0
215089,0
215090,0
215091,0
215092,0
215093,0
215094,0
215095,0
215096,0
215097,0
215098,2
215099,0
215100,2
215101,2
215102,2
215103,0
215104,0
215105,0
215106,0
215107,0
215108,0
215109,0
215110,0
215111,0
215112,0
215113,0
215114,0
215115,0
215116,0
215117,0
215118,0
215119,0
215120,0
215121,0
215122,0
215123,0
215124,0
215125,1
215126,0
215127,0
215128,1
215129,0
215130,1
215131,0
215132,0
215133,1
215134,1
215135,0
215136,0
215137,1
215138,1
215139,0
215140,0
215141,1
215142,2
215143,0
215144,0
215145,0
215146,0
215147,0
215148,0
215149,0
215150,0
215151,0
215152,0
215153,0
215154,0
215155,0
215156,0
215157,0
215158,0
215159,0
215160,0
215161,0
215162,0
215163,0
215164,0
215165,2
215166,2
215167,0
215168,0
215169,0
215170,0
215171,0
215172,0
215173,0
215174,2
215175,0
215176,2
215177,2
215178,2
215179,0
215180,0
215181,0
215182,1
215183,1
215184,0
215185,1
215186,1
215187,0
215188,1
215189,0
215190,0
215191,0
215192,0
215193,0
215194,0
215195,0
215196,0
215197,0
215198,0
215199,0
215200,0
215201,0
215202,0
215203,0
215204,0
215205,2
215206,2
215207,2
215208,2
215209,0
215210,0
215211,0
215212,0
215213,0
215214,0
215215,0
215216,0
215217,0
215218,0
215219,0
215220,0
215221,0
215222,0
215223,0
215224,0
215225,0
215226,0
215227,1
215228,1
215229,0
215230,1
215231,0
215232,1
215233,1
215234,1
215235,0
215236,0
215237,0
215238,0
215239,0
215240,0
215241,0
215242,1
215243,1
215244,0
215245,0
215246,0
215247,0
215248,0
215249,0
215250,0
215251,0
215252,0
215253,0
215254,0
215255,0
215256,0
215257,0
215258,0
215259,1
215260,0
215261,0
215262,0
215263,0
215264,0
215265,0
215266,0
215267,0
215268,0
215269,0
215270,0
215271,0
215272,0
215273,0
215274,0
215275,0
215276,0
215277,0
215278,4
215279,2
215280,4
215281,4
215282,2
215283,2
215284,1
215285,1
215286,0
215287,0
215288,0
215289,0
215290,0
215291,0
215292,0
215293,0
215294,0
215295,0
215296,0
215297,0
215298,2
215299,0
215300,0
215301,0
215302,0
215303,0
215304,0
215305,0
215306,0
215307,0
215308,0
215309,0
215310,0
215311,1
215312,1
215313,0
215314,0
215315,0
215316,0
215317,0
215318,0
215319,0
215320,1
215321,1
215322,1
215323,0
215324,0
215325,0
215326,0
215327,0
215328,1
215329,1
215330,1
215331,1
215332,1
215333,1
215334,1
215335,1
215336,1
215337,1
215338,0
215339,0
215340,0
215341,0
215342,0
215343,0
215344,0
215345,0
215346,0
215347,0
215348,0
215349,0
215350,1
215351,3
215352,1
215353,3
215354,3
215355,3
215356,1
215357,1
215358,0
215359,0
215360,2
215361,4
215362,2
215363,2
215364,2
215365,0
215366,2
215367,0
215368,2
215369,2
215370,0
215371,0
215372,0
215373,0
215374,0
215375,0
215376,0
215377,0
215378,0
215379,0
215380,0
215381,0
215382,0
215383,0
215384,0
215385,2
215386,2
215387,1
215388,1
215389,1
215390,0
215391,0
215392,0
215393,0
215394,0
215395,0
215396,0
215397,0
215398,2
215399,2
215400,2
215401,2
215402,2
215403,0
215404,0
215405,0
215406,0
215407,0
215408,0
215409,0
215410,0
215411,1
215412,1
215413,1
215414,0
215415,0
215416,1
215417,2
215418,2
215419,2
215420,2
215421,0
215422,0
215423,0
215424,0
215425,0
215426,0
215427,0
215428,0
215429,0
215430,0
215431,0
215432,0
215433,0
215434,0
215435,0
215436,0
215437,0
215438,0
215439,0
215440,0
215441,0
215442,0
215443,0
215444,1
215445,1
215446,0
215447,0
215448,0
215449,0
215450,0
215451,0
215452,0
215453,0
215454,0
215455,2
215456,0
215457,2
215458,0
215459,0
215460,0
215461,0
215462,0
215463,0
215464,0
215465,0
215466,1
215467,0
215468,0
215469,1
215470,1
215471,0
215472,0
215473,0
215474,1
215475,1
215476,0
215477,1
215478,1
215479,1
215480,0
215481,0
215482,0
215483,1
215484,2
215485,2
215486,2
215487,2
215488,1
215489,1
215490,1
215491,1
215492,0
215493,0
215494,2
215495,1
215496,0
215497,0
215498,0
215499,1
215500,1
215501,0
215502,1
215503,1
215504,0
215505,0
215506,1
215507,0
215508,0
215509,0
215510,0
215511,1
215512,1
215513,1
215514,1
215515,0
215516,0
215517,0
215518,0
215519,0
215520,0
215521,0
215522,0
215523,0
215524,0
215525,0
215526,0
215527,0
215528,0
215529,0
215530,0
215531,0
215532,0
215533,0
215534,0
215535,0
215536,0
215537,0
215538,2
215539,2
215540,0
215541,2
215542,2
215543,2
215544,1
215545,2
215546,2
215547,0
215548,0
215549,1
215550,0
215551,1
215552,0
215553,0
215554,0
215555,1
215556,1
215557,1
215558,1
215559,1
215560,1
215561,1
215562,0
215563,0
215564,0
215565,0
215566,0
215567,1
215568,1
215569,0
215570,0
215571,0
215572,0
215573,0
215574,0
215575,0
215576,0
215577,0
215578,0
215579,0
215580,0
215581,0
215582,0
215583,0
215584,0
215585,0
215586,0
215587,0
215588,0
215589,0
215590,0
215591,0
215592,0
215593,4
215594,2
215595,2
215596,2
215597,0
215598,1
215599,1
215600,1
215601,1
215602,0
215603,0
215604,1
215605,0
215606,0
215607,0
215608,0
215609,0
215610,0
215611,0
215612,0
215613,0
215614,1
215615,0
215616,0
215617,0
215618,0
215619,0
215620,0
215621,0
215622,0
215623,0
215624,0
215625,2
215626,0
215627,0
215628,0
215629,0
215630,2
215631,2
215632,2
215633,2
215634,2
215635,0
215636,0
215637,0
215638,0
215639,0
215640,0
215641,1
215642,2
215643,2
215644,0
215645,0
215646,1
215647,0
215648,0
215649,2
215650,0
215651,0
215652,0
215653,2
215654,0
215655,0
215656,1
215657,0
215658,0
215659,0
215660,1
215661,1
215662,0
215663,0
215664,0
215665,0
215666,0
215667,0
215668,0
215669,0
215670,0
215671,0
215672,0
215673,0
215674,0
215675,0
215676,0
215677,0
215678,0
215679,2
215680,2
215681,2
215682,2
215683,0
215684,0
215685,0
215686,0
215687,0
215688,0
215689,0
215690,0
215691,0
215692,0
215693,0
215694,0
215695,0
215696,0
215697,0
215698,0
215699,0
215700,2
215701,2
215702,0
215703,0
215704,1
215705,0
215706,0
215707,0
215708,0
215709,0
215710,0
215711,2
215712,2
215713,2
215714,0
215715,0
215716,0
215717,0
215718,0
215719,0
215720,0
215721,0
215722,0
215723,0
215724,1
215725,1
215726,0
215727,0
215728,0
215729,0
215730,0
215731,0
215732,0
215733,0
215734,0
215735,0
215736,0
215737,0
215738,0
215739,0
215740,0
215741,0
215742,1
215743,0
215744,0
215745,0
215746,0
215747,0
215748,0
215749,0
215750,0
215751,0
215752,0
215753,0
215754,0
215755,0
215756,0
215757,0
215758,0
215759,0
215760,0
215761,0
215762,0
215763,0
215764,1
215765,1
215766,1
215767,1
215768,1
215769,0
215770,1
215771,3
215772,0
215773,0
215774,0
215775,1
215776,0
215777,0
215778,0
215779,1
215780,1
215781,3
215782,1
215783,0
215784,0
215785,0
215786,1
215787,1
215788,1
215789,1
215790,0
215791,0
215792,0
215793,0
215794,0
215795,0
215796,0
215797,0
215798,0
215799,0
215800,0
215801,0
215802,0
215803,0
215804,0
215805,0
215806,0
215807,0
215808,0
215809,0
215810,0
215811,0
215812,0
215813,0
215814,0
215815,0
215816,0
215817,0
215818,1
215819,1
215820,0
215821,0
215822,0
215823,0
215824,2
215825,2
215826,0
215827,0
215828,0
215829,0
215830,0
215831,0
215832,0
215833,0
215834,0
215835,1
215836,1
215837,1
215838,0
215839,0
215840,0
215841,0
215842,0
215843,0
215844,0
215845,0
215846,0
215847,0
215848,2
215849,2
215850,0
215851,0
215852,0
215853,0
215854,0
215855,0
215856,2
215857,0
215858,2
215859,2
215860,2
215861,2
215862,2
215863,0
215864,0
215865,0
215866,0
215867,0
215868,2
215869,1
215870,1
215871,0
215872,0
215873,0
215874,0
215875,0
215876,0
215877,0
215878,1
215879,1
215880,1
215881,0
215882,2
215883,2
215884,2
215885,0
215886,0
215887,0
215888,2
215889,2
215890,0
215891,0
215892,1
215893,1
215894,1
215895,2
215896,0
215897,0
215898,0
215899,0
215900,0
215901,0
215902,0
215903,0
215904,0
215905,2
215906,2
215907,2
215908,2
215909,2
215910,0
215911,0
215912,0
215913,0
215914,0
215915,2
215916,2
215917,0
215918,0
215919,0
215920,0
215921,0
215922,0
215923,0
215924,0
215925,0
215926,0
215927,2
215928,2
215929,0
215930,2
215931,2
215932,2
215933,2
215934,0
215935,0
215936,0
215937,0
215938,0
215939,0
215940,0
215941,0
215942,0
215943,0
215944,0
215945,0
215946,0
215947,0
215948,0
215949,0
215950,0
215951,0
215952,0
215953,0
215954,0
215955,0
215956,0
215957,0
215958,0
215959,0
215960,0
215961,0
215962,0
215963,0
215964,0
215965,0
215966,0
215967,0
215968,0
215969,0
215970,0
215971,0
215972,0
215973,0
215974,0
215975,0
215976,0
215977,1
215978,0
215979,2
215980,2
215981,2
215982,0
215983,0
215984,0
215985,2
215986,0
215987,0
215988,0
215989,0
215990,0
215991,0
215992,0
215993,0
215994,0
215995,0
215996,0
215997,0
215998,0
215999,0
216000,0
216001,0
216002,0
216003,0
216004,0
216005,0
216006,0
216007,0
216008,0
216009,0
216010,0
216011,1
216012,0
216013,0
216014,0
216015,0
216016,2
216017,0
216018,0
216019,0
216020,0
216021,0
216022,0
216023,0
216024,0
216025,0
216026,0
216027,0
216028,0
216029,0
216030,0
216031,1
216032,1
216033,1
216034,1
216035,1
216036,1
216037,1
216038,1
216039,1
216040,0
216041,1
216042,1
216043,0
216044,1
216045,1
216046,1
216047,1
216048,1
216049,0
216050,0
216051,0
216052,0
216053,0
216054,0
216055,0
216056,1
216057,0
216058,0
216059,1
216060,1
216061,1
216062,0
216063,1
216064,1
216065,1
216066,1
216067,1
216068,1
216069,0
216070,1
216071,1
216072,1
216073,1
216074,0
216075,0
216076,0
216077,0
216078,0
216079,0
216080,0
216081,2
216082,0
216083,0
216084,0
216085,0
216086,0
216087,0
216088,2
216089,1
216090,1
216091,0
216092,0
216093,1
216094,1
216095,0
216096,1
216097,0
216098,0
216099,0
216100,0
216101,0
216102,2
216103,0
216104,2
216105,2
216106,2
216107,2
216108,2
216109,2
216110,2
216111,0
216112,0
216113,0
216114,0
216115,0
216116,0
216117,0
216118,0
216119,0
216120,0
216121,2
216122,2
216123,2
216124,2
216125,0
216126,0
216127,0
216128,0
216129,0
216130,0
216131,0
216132,0
216133,0
216134,0
216135,0
216136,0
216137,0
216138,1
216139,2
216140,2
216141,0
216142,0
216143,2
216144,0
216145,0
216146,0
216147,0
216148,0
216149,2
216150,0
216151,0
216152,0
216153,0
216154,0
216155,0
216156,2
216157,2
216158,0
216159,2
216160,2
216161,1
216162,2
216163,0
216164,0
216165,2
216166,2
216167,0
216168,0
216169,0
216170,0
216171,0
216172,0
216173,0
216174,0
216175,2
216176,0
216177,0
216178,0
216179,0
216180,0
216181,0
216182,0
216183,0
216184,0
216185,0
216186,0
216187,0
216188,0
216189,0
216190,0
216191,0
216192,0
216193,0
216194,0
216195,4
216196,4
216197,2
216198,2
216199,2
216200,0
216201,0
216202,0
216203,0
216204,0
216205,0
216206,0
216207,2
216208,2
216209,0
216210,2
216211,2
216212,0
216213,0
216214,0
216215,0
216216,0
216217,2
216218,2
216219,0
216220,0
216221,0
216222,2
216223,2
216224,0
216225,0
216226,0
216227,0
216228,2
216229,2
216230,0
216231,0
216232,0
216233,0
216234,0
216235,1
216236,0
216237,0
216238,0
216239,1
216240,1
216241,1
216242,1
216243,1
216244,1
216245,1
216246,1
216247,1
216248,0
216249,0
216250,0
216251,0
216252,1
216253,0
216254,0
216255,1
216256,0
216257,0
216258,0
216259,0
216260,0
216261,0
216262,1
216263,0
216264,0
216265,0
216266,0
216267,0
216268,0
216269,0
216270,0
216271,0
216272,0
216273,0
216274,0
216275,0
216276,0
216277,1
216278,1
216279,1
216280,1
216281,1
216282,1
216283,0
216284,0
216285,1
216286,0
216287,0
216288,0
216289,0
216290,0
216291,1
216292,0
216293,0
216294,0
216295,0
216296,0
216297,0
216298,0
216299,0
216300,0
216301,0
216302,0
216303,0
216304,2
216305,2
216306,2
216307,2
216308,2
216309,0
216310,0
216311,0
216312,2
216313,0
216314,0
216315,0
216316,0
216317,0
216318,2
216319,2
216320,0
216321,0
216322,0
216323,0
216324,0
216325,0
216326,0
216327,0
216328,0
216329,0
216330,0
216331,0
216332,0
216333,0
216334,0
216335,2
216336,1
216337,0
216338,0
216339,0
216340,0
216341,0
216342,0
216343,0
216344,0
216345,0
216346,2
216347,2
216348,0
216349,0
216350,1
216351,1
216352,1
216353,0
216354,0
216355,0
216356,0
216357,0
216358,0
216359,0
216360,0
216361,0
216362,0
216363,0
216364,0
216365,0
216366,0
216367,0
216368,2
216369,2
216370,0
216371,2
216372,2
216373,0
216374,0
216375,0
216376,0
216377,0
216378,0
216379,1
216380,1
216381,1
216382,1
216383,1
216384,0
216385,0
216386,0
216387,0
216388,1
216389,1
216390,1
216391,1
216392,1
216393,1
216394,1
216395,1
216396,1
216397,1
216398,0
216399,1
216400,0
216401,0
216402,0
216403,0
216404,0
216405,0
216406,0
216407,0
216408,0
216409,0
216410,1
216411,1
216412,0
216413,0
216414,0
216415,0
216416,0
216417,0
216418,0
216419,0
216420,0
216421,0
216422,0
216423,0
216424,0
216425,0
216426,0
216427,0
216428,0
216429,0
216430,0
216431,0
216432,0
216433,0
216434,0
216435,0
216436,0
216437,0
216438,0
216439,0
216440,0
216441,0
216442,0
216443,0
216444,0
216445,0
216446,0
216447,0
216448,0
216449,0
216450,0
216451,2
216452,0
216453,0
216454,0
216455,0
216456,0
216457,0
216458,0
216459,0
216460,0
216461,0
216462,0
216463,0
216464,0
216465,0
216466,0
216467,0
216468,0
216469,0
216470,0
216471,0
216472,0
216473,0
216474,1
216475,0
216476,2
216477,1
216478,1
216479,1
216480,1
216481,1
216482,1
216483,1
216484,0
216485,1
216486,1
216487,1
216488,0
216489,0
216490,0
216491,1
216492,1
216493,1
216494,0
216495,4
216496,4
216497,2
216498,2
216499,2
216500,2
216501,0
216502,1
216503,1
216504,1
216505,1
216506,1
216507,0
216508,1
216509,0
216510,0
216511,0
216512,1
216513,1
216514,0
216515,0
216516,0
216517,0
216518,0
216519,0
216520,0
216521,0
216522,0
216523,0
216524,0
216525,1
216526,0
216527,1
216528,1
216529,1
216530,0
216531,1
216532,1
216533,1
216534,1
216535,1
216536,1
216537,1
216538,1
216539,0
216540,2
216541,2
216542,2
216543,2
216544,0
216545,0
216546,0
216547,0
216548,2
216549,2
216550,2
216551,2
216552,2
216553,2
216554,2
216555,2
216556,0
216557,0
216558,0
216559,0
216560,0
216561,0
216562,0
216563,0
216564,0
216565,0
216566,0
216567,0
216568,0
216569,0
216570,0
216571,0
216572,0
216573,0
216574,0
216575,0
216576,0
216577,0
216578,1
216579,1
216580,2
216581,0
216582,0
216583,0
216584,1
216585,0
216586,0
216587,0
216588,1
216589,0
216590,0
216591,0
216592,0
216593,0
216594,2
216595,2
216596,2
216597,2
216598,0
216599,0
216600,0
216601,0
216602,0
216603,0
216604,0
216605,0
216606,0
216607,0
216608,0
216609,0
216610,0
216611,0
216612,0
216613,0
216614,0
216615,0
216616,0
216617,0
216618,1
216619,1
216620,1
216621,1
216622,0
216623,0
216624,2
216625,0
216626,1
216627,1
216628,1
216629,0
216630,0
216631,1
216632,0
216633,0
216634,0
216635,0
216636,0
216637,0
216638,0
216639,0
216640,2
216641,0
216642,2
216643,0
216644,2
216645,0
216646,0
216647,0
216648,0
216649,0
216650,0
216651,0
216652,0
216653,0
216654,0
216655,0
216656,1
216657,1
216658,0
216659,0
216660,1
216661,1
216662,0
216663,0
216664,0
216665,0
216666,2
216667,0
216668,0
216669,0
216670,0
216671,0
216672,0
216673,0
216674,0
216675,0
216676,0
216677,0
216678,0
216679,0
216680,0
216681,0
216682,0
216683,0
216684,0
216685,0
216686,0
216687,0
216688,0
216689,0
216690,0
216691,0
216692,0
216693,0
216694,0
216695,0
216696,0
216697,0
216698,2
216699,0
216700,0
216701,2
216702,0
216703,0
216704,0
216705,0
216706,0
216707,0
216708,0
216709,0
216710,0
216711,0
216712,0
216713,0
216714,0
216715,0
216716,0
216717,0
216718,0
216719,0
216720,0
216721,0
216722,0
216723,0
216724,0
216725,4
216726,1
216727,0
216728,0
216729,1
216730,1
216731,1
216732,1
216733,0
216734,0
216735,0
216736,0
216737,0
216738,0
216739,0
216740,0
216741,0
216742,0
216743,0
216744,2
216745,0
216746,0
216747,0
216748,1
216749,1
216750,0
216751,0
216752,0
216753,0
216754,0
216755,0
216756,0
216757,0
216758,0
216759,0
216760,0
216761,0
216762,0
216763,0
216764,0
216765,2
216766,2
216767,2
216768,2
216769,1
216770,2
216771,2
216772,2
216773,2
216774,0
216775,0
216776,0
216777,0
216778,0
216779,1
216780,0
216781,0
216782,1
216783,0
216784,0
216785,0
216786,0
216787,0
216788,0
216789,0
216790,0
216791,0
216792,0
216793,0
216794,0
216795,2
216796,2
216797,1
216798,1
216799,1
216800,1
216801,1
216802,1
216803,1
216804,1
216805,0
216806,0
216807,0
216808,0
216809,0
216810,0
216811,0
216812,0
216813,0
216814,0
216815,0
216816,0
216817,0
216818,2
216819,2
216820,2
216821,2
216822,0
216823,2
216824,2
216825,2
216826,0
216827,1
216828,0
216829,0
216830,0
216831,2
216832,2
216833,1
216834,1
216835,1
216836,1
216837,0
216838,1
216839,1
216840,1
216841,1
216842,1
216843,0
216844,0
216845,0
216846,0
216847,0
216848,0
216849,0
216850,3
216851,3
216852,1
216853,1
216854,1
216855,1
216856,0
216857,0
216858,0
216859,0
216860,0
216861,0
216862,0
216863,0
216864,0
216865,0
216866,0
216867,0
216868,0
216869,0
216870,1
216871,1
216872,1
216873,0
216874,1
216875,0
216876,1
216877,1
216878,0
216879,0
216880,1
216881,0
216882,1
216883,1
216884,0
216885,0
216886,0
216887,2
216888,4
216889,2
216890,2
216891,2
216892,2
216893,0
216894,0
216895,0
216896,1
216897,1
216898,1
216899,0
216900,0
216901,0
216902,0
216903,1
216904,1
216905,1
216906,2
216907,0
216908,1
216909,0
216910,0
216911,0
216912,0
216913,0
216914,2
216915,0
216916,0
216917,0
216918,0
216919,0
216920,0
216921,0
216922,0
216923,0
216924,0
216925,0
216926,0
216927,0
216928,1
216929,1
216930,1
216931,1
216932,0
216933,1
216934,0
216935,0
216936,0
216937,1
216938,0
216939,1
216940,1
216941,1
216942,0
216943,0
216944,4
216945,4
216946,2
216947,0
216948,0
216949,2
216950,2
216951,2
216952,0
216953,0
216954,0
216955,0
216956,0
216957,0
216958,0
216959,0
216960,0
216961,0
216962,2
216963,0
216964,0
216965,0
216966,2
216967,2
216968,2
216969,2
216970,2
216971,2
216972,2
216973,0
216974,0
216975,0
216976,0
216977,0
216978,0
216979,0
216980,0
216981,0
216982,1
216983,0
216984,0
216985,0
216986,0
216987,0
216988,0
216989,0
216990,0
216991,0
216992,0
216993,0
216994,0
216995,0
216996,0
216997,0
216998,0
216999,0
217000,0
217001,0
217002,0
217003,0
217004,0
217005,0
217006,3
217007,3
217008,3
217009,3
217010,1
217011,1
217012,0
217013,0
217014,0
217015,1
217016,1
217017,0
217018,0
217019,0
217020,1
217021,1
217022,0
217023,0
217024,1
217025,1
217026,0
217027,1
217028,1
217029,0
217030,0
217031,0
217032,0
217033,0
217034,0
217035,0
217036,0
217037,0
217038,0
217039,0
217040,0
217041,0
217042,0
217043,0
217044,0
217045,0
217046,0
217047,0
217048,0
217049,0
217050,0
217051,0
217052,0
217053,0
217054,0
217055,0
217056,0
217057,0
217058,3
217059,2
217060,0
217061,1
217062,0
217063,0
217064,1
217065,0
217066,0
217067,0
217068,0
217069,0
217070,0
217071,0
217072,0
217073,0
217074,0
217075,3
217076,3
217077,3
217078,3
217079,3
217080,1
217081,1
217082,0
217083,1
217084,1
217085,1
217086,0
217087,1
217088,0
217089,0
217090,0
217091,0
217092,0
217093,0
217094,0
217095,0
217096,0
217097,0
217098,0
217099,0
217100,0
217101,0
217102,0
217103,2
217104,0
217105,2
217106,2
217107,0
217108,0
217109,0
217110,2
217111,2
217112,0
217113,0
217114,2
217115,2
217116,0
217117,0
217118,0
217119,2
217120,2
217121,0
217122,0
217123,0
217124,0
217125,0
217126,0
217127,2
217128,2
217129,0
217130,0
217131,0
217132,0
217133,0
217134,0
217135,0
217136,0
217137,0
217138,0
217139,0
217140,0
217141,0
217142,0
217143,0
217144,0
217145,0
217146,0
217147,0
217148,2
217149,2
217150,1
217151,0
217152,1
217153,1
217154,1
217155,1
217156,1
217157,0
217158,0
217159,0
217160,0
217161,2
217162,2
217163,0
217164,0
217165,0
217166,0
217167,0
217168,0
217169,0
217170,0
217171,0
217172,0
217173,0
217174,0
217175,0
217176,0
217177,0
217178,0
217179,0
217180,0
217181,0
217182,0
217183,0
217184,0
217185,0
217186,0
217187,0
217188,0
217189,0
217190,2
217191,0
217192,0
217193,0
217194,0
217195,0
217196,0
217197,0
217198,0
217199,2
217200,2
217201,2
217202,2
217203,0
217204,0
217205,0
217206,0
217207,0
217208,0
217209,0
217210,0
217211,0
217212,2
217213,2
217214,2
217215,0
217216,0
217217,0
217218,0
217219,0
217220,0
217221,0
217222,0
217223,0
217224,0
217225,0
217226,0
217227,0
217228,0
217229,0
217230,2
217231,2
217232,0
217233,0
217234,0
217235,0
217236,0
217237,0
217238,0
217239,1
217240,1
217241,0
217242,0
217243,0
217244,0
217245,0
217246,1
217247,0
217248,0
217249,0
217250,0
217251,0
217252,0
217253,0
217254,0
217255,1
217256,0
217257,0
217258,0
217259,0
217260,0
217261,0
217262,0
217263,0
217264,0
217265,0
217266,0
217267,2
217268,2
217269,2
217270,2
217271,0
217272,0
217273,0
217274,0
217275,0
217276,0
217277,0
217278,0
217279,2
217280,0
217281,0
217282,2
217283,2
217284,0
217285,2
217286,2
217287,2
217288,0
217289,0
217290,0
217291,0
217292,0
217293,0
217294,0
217295,0
217296,0
217297,0
217298,2
217299,1
217300,1
217301,1
217302,1
217303,1
217304,1
217305,1
217306,0
217307,0
217308,0
217309,0
217310,0
217311,0
217312,0
217313,0
217314,0
217315,0
217316,0
217317,0
217318,0
217319,0
217320,0
217321,0
217322,0
217323,0
217324,0
217325,0
217326,0
217327,0
217328,0
217329,0
217330,1
217331,0
217332,0
217333,0
217334,0
217335,0
217336,0
217337,0
217338,0
217339,0
217340,0
217341,0
217342,0
217343,0
217344,1
217345,1
217346,1
217347,1
217348,0
217349,0
217350,0
217351,0
217352,1
217353,1
217354,0
217355,0
217356,0
217357,1
217358,0
217359,0
217360,0
217361,2
217362,2
217363,0
217364,0
217365,0
217366,0
217367,0
217368,2
217369,2
217370,2
217371,0
217372,0
217373,0
217374,0
217375,2
217376,0
217377,2
217378,0
217379,0
217380,0
217381,0
217382,0
217383,0
217384,0
217385,2
217386,2
217387,0
217388,0
217389,0
217390,0
217391,1
217392,0
217393,2
217394,2
217395,0
217396,0
217397,0
217398,0
217399,0
217400,0
217401,0
217402,0
217403,0
217404,0
217405,0
217406,0
217407,0
217408,0
217409,0
217410,1
217411,1
217412,1
217413,0
217414,0
217415,2
217416,0
217417,0
217418,0
217419,1
217420,0
217421,0
217422,0
217423,0
217424,0
217425,0
217426,0
217427,0
217428,0
217429,0
217430,0
217431,0
217432,2
217433,1
217434,0
217435,0
217436,0
217437,0
217438,0
217439,0
217440,0
217441,0
217442,0
217443,0
217444,0
217445,0
217446,1
217447,1
217448,3
217449,1
217450,1
217451,0
217452,1
217453,1
217454,0
217455,1
217456,1
217457,1
217458,1
217459,1
217460,1
217461,0
217462,0
217463,4
217464,2
217465,2
217466,0
217467,0
217468,0
217469,1
217470,0
217471,0
217472,0
217473,0
217474,4
217475,2
217476,2
217477,2
217478,2
217479,0
217480,2
217481,2
217482,2
217483,2
217484,2
217485,0
217486,0
217487,0
217488,0
217489,0
217490,0
217491,0
217492,0
217493,0
217494,0
217495,0
217496,0
217497,0
217498,0
217499,0
217500,0
217501,0
217502,0
217503,0
217504,0
217505,0
217506,0
217507,0
217508,0
217509,0
217510,0
217511,0
217512,0
217513,0
217514,0
217515,0
217516,0
217517,0
217518,0
217519,0
217520,0
217521,0
217522,0
217523,0
217524,0
217525,0
217526,0
217527,0
217528,0
217529,0
217530,0
217531,0
217532,0
217533,0
217534,0
217535,0
217536,0
217537,0
217538,0
217539,0
217540,0
217541,0
217542,4
217543,0
217544,0
217545,0
217546,0
217547,0
217548,2
217549,0
217550,0
217551,0
217552,0
217553,0
217554,0
217555,0
217556,0
217557,0
217558,2
217559,2
217560,0
217561,2
217562,2
217563,0
217564,0
217565,0
217566,0
217567,0
217568,0
217569,0
217570,0
217571,0
217572,0
217573,0
217574,0
217575,0
217576,1
217577,0
217578,0
217579,1
217580,1
217581,0
217582,0
217583,0
217584,1
217585,1
217586,1
217587,1
217588,0
217589,0
217590,0
217591,0
217592,0
217593,0
217594,0
217595,0
217596,1
217597,1
217598,1
217599,1
217600,1
217601,1
217602,1
217603,2
217604,2
217605,2
217606,1
217607,1
217608,0
217609,0
217610,0
217611,0
217612,0
217613,0
217614,0
217615,0
217616,0
217617,0
217618,0
217619,0
217620,0
217621,1
217622,1
217623,1
217624,1
217625,1
217626,1
217627,1
217628,0
217629,1
217630,1
217631,0
217632,0
217633,0
217634,0
217635,0
217636,0
217637,0
217638,0
217639,1
217640,1
217641,0
217642,1
217643,1
217644,1
217645,1
217646,0
217647,0
217648,1
217649,0
217650,1
217651,1
217652,0
217653,1
217654,1
217655,1
217656,2
217657,0
217658,0
217659,0
217660,0
217661,0
217662,0
217663,0
217664,0
217665,1
217666,0
217667,0
217668,0
217669,0
217670,2
217671,2
217672,2
217673,2
217674,0
217675,0
217676,0
217677,0
217678,0
217679,0
217680,0
217681,0
217682,2
217683,0
217684,2
217685,0
217686,0
217687,0
217688,0
217689,0
217690,0
217691,1
217692,1
217693,1
217694,1
217695,0
217696,0
217697,1
217698,0
217699,0
217700,0
217701,1
217702,0
217703,0
217704,0
217705,0
217706,0
217707,1
217708,1
217709,1
217710,0
217711,0
217712,0
217713,1
217714,1
217715,1
217716,1
217717,0
217718,0
217719,0
217720,0
217721,0
217722,0
217723,1
217724,1
217725,0
217726,0
217727,0
217728,1
217729,1
217730,1
217731,1
217732,0
217733,0
217734,0
217735,0
217736,0
217737,0
217738,0
217739,0
217740,0
217741,0
217742,0
217743,1
217744,0
217745,0
217746,0
217747,1
217748,1
217749,1
217750,1
217751,1
217752,0
217753,2
217754,2
217755,2
217756,2
217757,0
217758,0
217759,2
217760,0
217761,1
217762,1
217763,0
217764,0
217765,0
217766,0
217767,0
217768,0
217769,0
217770,0
217771,0
217772,0
217773,0
217774,0
217775,0
217776,0
217777,0
217778,0
217779,0
217780,0
217781,0
217782,0
217783,0
217784,0
217785,0
217786,0
217787,0
217788,0
217789,1
217790,1
217791,0
217792,0
217793,0
217794,1
217795,1
217796,0
217797,1
217798,1
217799,0
217800,0
217801,0
217802,0
217803,0
217804,0
217805,0
217806,0
217807,0
217808,0
217809,1
217810,1
217811,2
217812,2
217813,0
217814,2
217815,2
217816,0
217817,0
217818,0
217819,3
217820,3
217821,1
217822,1
217823,3
217824,1
217825,1
217826,1
217827,1
217828,1
217829,1
217830,0
217831,1
217832,1
217833,0
217834,0
217835,0
217836,0
217837,0
217838,0
217839,0
217840,0
217841,0
217842,0
217843,0
217844,0
217845,0
217846,0
217847,0
217848,0
217849,2
217850,0
217851,0
217852,0
217853,0
217854,0
217855,0
217856,0
217857,0
217858,0
217859,0
217860,0
217861,0
217862,0
217863,0
217864,0
217865,0
217866,0
217867,0
217868,0
217869,0
217870,0
217871,0
217872,0
217873,0
217874,2
217875,0
217876,0
217877,0
217878,0
217879,0
217880,0
217881,0
217882,2
217883,0
217884,0
217885,0
217886,0
217887,0
217888,0
217889,0
217890,0
217891,0
217892,0
217893,0
217894,0
217895,0
217896,0
217897,2
217898,0
217899,0
217900,0
217901,0
217902,0
217903,0
217904,0
217905,1
217906,3
217907,1
217908,1
217909,1
217910,1
217911,0
217912,0
217913,0
217914,1
217915,1
217916,0
217917,0
217918,1
217919,1
217920,1
217921,1
217922,1
217923,0
217924,0
217925,0
217926,0
217927,0
217928,0
217929,0
217930,0
217931,2
217932,2
217933,0
217934,0
217935,0
217936,0
217937,0
217938,0
217939,0
217940,1
217941,1
217942,0
217943,0
217944,2
217945,2
217946,0
217947,0
217948,0
217949,0
217950,0
217951,0
217952,0
217953,0
217954,1
217955,2
217956,2
217957,2
217958,1
217959,1
217960,1
217961,1
217962,1
217963,1
217964,2
217965,0
217966,0
217967,2
217968,2
217969,2
217970,2
217971,0
217972,0
217973,2
217974,2
217975,0
217976,0
217977,0
217978,0
217979,0
217980,0
217981,0
217982,0
217983,0
217984,0
217985,0
217986,0
217987,0
217988,1
217989,0
217990,0
217991,0
217992,0
217993,2
217994,2
217995,0
217996,0
217997,0
217998,0
217999,0
218000,0
218001,0
218002,0
218003,0
218004,0
218005,0
218006,0
218007,0
218008,0
218009,0
218010,0
218011,0
218012,0
218013,0
218014,0
218015,0
218016,0
218017,0
218018,0
218019,0
218020,0
218021,0
218022,0
218023,0
218024,0
218025,0
218026,0
218027,0
218028,0
218029,0
218030,0
218031,0
218032,0
218033,0
218034,0
218035,0
218036,0
218037,0
218038,0
218039,0
218040,0
218041,1
218042,1
218043,0
218044,0
218045,0
218046,0
218047,1
218048,0
218049,0
218050,0
218051,0
218052,0
218053,0
218054,0
218055,0
218056,0
218057,0
218058,0
218059,0
218060,0
218061,1
218062,1
218063,1
218064,0
218065,0
218066,1
218067,1
218068,1
218069,0
218070,1
218071,1
218072,0
218073,4
218074,2
218075,2
218076,2
218077,2
218078,2
218079,2
218080,2
218081,2
218082,2
218083,2
218084,2
218085,0
218086,0
218087,2
218088,0
218089,1
218090,1
218091,1
218092,1
218093,1
218094,1
218095,0
218096,1
218097,0
218098,0
218099,0
218100,0
218101,0
218102,0
218103,0
218104,0
218105,0
218106,0
218107,0
218108,0
218109,0
218110,0
218111,0
218112,0
218113,0
218114,0
218115,0
218116,0
218117,0
218118,0
218119,0
218120,0
218121,0
218122,0
218123,0
218124,0
218125,0
218126,0
218127,0
218128,4
218129,1
218130,0
218131,0
218132,0
218133,0
218134,0
218135,0
218136,0
218137,1
218138,0
218139,0
218140,0
218141,0
218142,0
218143,0
218144,2
218145,2
218146,0
218147,0
218148,0
218149,0
218150,0
218151,0
218152,0
218153,0
218154,0
218155,0
218156,0
218157,0
218158,1
218159,1
218160,1
218161,0
218162,0
218163,0
218164,0
218165,0
218166,0
218167,0
218168,0
218169,0
218170,0
218171,0
218172,0
218173,0
218174,0
218175,0
218176,0
218177,0
218178,0
218179,0
218180,0
218181,0
218182,0
218183,0
218184,0
218185,0
218186,0
218187,0
218188,0
218189,0
218190,2
218191,0
218192,0
218193,0
218194,2
218195,0
218196,0
218197,0
218198,0
218199,0
218200,0
218201,0
218202,0
218203,0
218204,0
218205,0
218206,0
218207,0
218208,0
218209,0
218210,0
218211,0
218212,0
218213,0
218214,0
218215,1
218216,0
218217,1
218218,1
218219,0
218220,0
218221,0
218222,0
218223,0
218224,0
218225,0
218226,0
218227,0
218228,0
218229,0
218230,0
218231,0
218232,0
218233,0
218234,0
218235,0
218236,0
218237,0
218238,0
218239,0
218240,0
218241,0
218242,0
218243,0
218244,0
218245,4
218246,2
218247,0
218248,0
218249,2
218250,2
218251,2
218252,2
218253,2
218254,2
218255,0
218256,0
218257,0
218258,0
218259,0
218260,0
218261,0
218262,1
218263,1
218264,1
218265,1
218266,0
218267,0
218268,0
218269,0
218270,0
218271,0
218272,0
218273,0
218274,2
218275,1
218276,1
218277,0
218278,0
218279,0
218280,0
218281,0
218282,0
218283,0
218284,0
218285,0
218286,0
218287,1
218288,0
218289,1
218290,0
218291,1
218292,0
218293,0
218294,0
218295,0
218296,0
218297,0
218298,0
218299,0
218300,0
218301,0
218302,0
218303,0
218304,0
218305,0
218306,1
218307,3
218308,1
218309,1
218310,0
218311,0
218312,0
218313,0
218314,0
218315,0
218316,0
218317,0
218318,0
218319,0
218320,0
218321,0
218322,0
218323,0
218324,0
218325,4
218326,2
218327,2
218328,4
218329,2
218330,2
218331,2
218332,0
218333,2
218334,0
218335,0
218336,2
218337,2
218338,2
218339,1
218340,0
218341,0
218342,0
218343,2
218344,2
218345,2
218346,2
218347,2
218348,0
218349,0
218350,0
218351,0
218352,0
218353,0
218354,0
218355,0
218356,0
218357,0
218358,2
218359,2
218360,2
218361,0
218362,0
218363,0
218364,0
218365,0
218366,0
218367,0
218368,0
218369,0
218370,0
218371,2
218372,2
218373,2
218374,2
218375,0
218376,2
218377,2
218378,2
218379,2
218380,2
218381,1
218382,1
218383,1
218384,0
218385,1
218386,1
218387,2
218388,2
218389,1
218390,0
218391,0
218392,0
218393,0
218394,0
218395,0
218396,0
218397,0
218398,0
218399,0
218400,0
218401,0
218402,0
218403,0
218404,0
218405,0
218406,0
218407,0
218408,0
218409,0
218410,0
218411,0
218412,0
218413,0
218414,0
218415,0
218416,0
218417,0
218418,0
218419,0
218420,0
218421,0
218422,0
218423,4
218424,2
218425,4
218426,4
218427,4
218428,0
218429,1
218430,0
218431,0
218432,0
218433,0
218434,0
218435,0
218436,0
218437,0
218438,0
218439,1
218440,1
218441,1
218442,1
218443,1
218444,1
218445,1
218446,3
218447,1
218448,1
218449,1
218450,1
218451,1
218452,1
218453,0
218454,0
218455,0
218456,0
218457,0
218458,0
218459,0
218460,0
218461,0
218462,0
218463,0
218464,0
218465,1
218466,0
218467,0
218468,0
218469,0
218470,0
218471,0
218472,0
218473,0
218474,0
218475,0
218476,0
218477,0
218478,0
218479,0
218480,0
218481,0
218482,3
218483,1
218484,1
218485,1
218486,1
218487,1
218488,1
218489,0
218490,0
218491,0
218492,0
218493,0
218494,0
218495,0
218496,1
218497,0
218498,0
218499,0
218500,1
218501,0
218502,0
218503,0
218504,0
218505,0
218506,0
218507,0
218508,1
218509,0
218510,1
218511,0
218512,0
218513,1
218514,1
218515,1
218516,1
218517,1
218518,1
218519,1
218520,0
218521,0
218522,0
218523,0
218524,0
218525,1
218526,1
218527,1
218528,1
218529,1
218530,1
218531,1
218532,1
218533,1
218534,1
218535,1
218536,1
218537,0
218538,0
218539,0
218540,0
218541,0
218542,0
218543,1
218544,1
218545,1
218546,0
218547,0
218548,2
218549,1
218550,0
218551,0
218552,0
218553,0
218554,0
218555,0
218556,0
218557,0
218558,0
218559,0
218560,0
218561,0
218562,1
218563,0
218564,1
218565,0
218566,0
218567,1
218568,0
218569,1
218570,1
218571,0
218572,0
218573,0
218574,3
218575,1
218576,1
218577,1
218578,0
218579,1
218580,1
218581,3
218582,3
218583,1
218584,0
218585,0
218586,0
218587,0
218588,0
218589,0
218590,2
218591,0
218592,0
218593,0
218594,0
218595,0
218596,0
218597,0
218598,0
218599,0
218600,0
218601,0
218602,0
218603,0
218604,0
218605,0
218606,0
218607,0
218608,0
218609,0
218610,0
218611,0
218612,0
218613,0
218614,0
218615,0
218616,0
218617,0
218618,0
218619,0
218620,0
218621,0
218622,0
218623,0
218624,0
218625,0
218626,0
218627,0
218628,0
218629,0
218630,0
218631,0
218632,0
218633,0
218634,0
218635,0
218636,0
218637,0
218638,0
218639,0
218640,0
218641,2
218642,0
218643,0
218644,0
218645,0
218646,0
218647,0
218648,0
218649,0
218650,0
218651,0
218652,0
218653,0
218654,0
218655,0
218656,0
218657,0
218658,0
218659,0
218660,3
218661,2
218662,2
218663,2
218664,1
218665,2
218666,2
218667,0
218668,0
218669,0
218670,0
218671,0
218672,1
218673,2
218674,0
218675,1
218676,1
218677,0
218678,0
218679,0
218680,0
218681,0
218682,0
218683,2
218684,1
218685,0
218686,0
218687,0
218688,0
218689,2
218690,0
218691,0
218692,0
218693,0
218694,0
218695,0
218696,0
218697,0
218698,0
218699,0
218700,0
218701,0
218702,0
218703,0
218704,0
218705,1
218706,0
218707,0
218708,0
218709,1
218710,1
218711,0
218712,0
218713,0
218714,0
218715,1
218716,1
218717,1
218718,1
218719,0
218720,1
218721,1
218722,1
218723,1
218724,1
218725,1
218726,1
218727,1
218728,0
218729,0
218730,0
218731,0
218732,0
218733,2
218734,2
218735,2
218736,2
218737,2
218738,2
218739,0
218740,0
218741,0
218742,0
218743,0
218744,1
218745,1
218746,1
218747,1
218748,0
218749,0
218750,0
218751,0
218752,0
218753,0
218754,0
218755,0
218756,0
218757,0
218758,0
218759,0
218760,0
218761,0
218762,0
218763,0
218764,0
218765,0
218766,1
218767,1
218768,0
218769,0
218770,0
218771,0
218772,0
218773,0
218774,1
218775,0
218776,0
218777,0
218778,0
218779,1
218780,1
218781,1
218782,1
218783,0
218784,0
218785,0
218786,1
218787,1
218788,2
218789,0
218790,0
218791,0
218792,0
218793,0
218794,0
218795,0
218796,2
218797,2
218798,0
218799,2
218800,1
218801,1
218802,1
218803,1
218804,0
218805,0
218806,0
218807,0
218808,1
218809,1
218810,1
218811,1
218812,1
218813,1
218814,0
218815,1
218816,1
218817,1
218818,2
218819,1
218820,1
218821,1
218822,1
218823,2
218824,2
218825,2
218826,2
218827,0
218828,1
218829,1
218830,1
218831,2
218832,0
218833,2
218834,0
218835,2
218836,0
218837,0
218838,0
218839,0
218840,0
218841,0
218842,0
218843,0
218844,0
218845,0
218846,2
218847,0
218848,0
218849,0
218850,0
218851,0
218852,0
218853,0
218854,0
218855,0
218856,0
218857,0
218858,0
218859,0
218860,0
218861,0
218862,0
218863,0
218864,0
218865,0
218866,0
218867,0
218868,0
218869,1
218870,1
218871,1
218872,1
218873,1
218874,0
218875,0
218876,0
218877,0
218878,3
218879,1
218880,1
218881,1
218882,1
218883,1
218884,1
218885,1
218886,1
218887,1
218888,1
218889,1
218890,1
218891,1
218892,0
218893,0
218894,0
218895,0
218896,1
218897,1
218898,1
218899,0
218900,0
218901,0
218902,0
218903,1
218904,1
218905,1
218906,1
218907,1
218908,1
218909,0
218910,0
218911,0
218912,1
218913,1
218914,1
218915,1
218916,1
218917,0
218918,0
218919,0
218920,0
218921,1
218922,1
218923,1
218924,0
218925,0
218926,0
218927,0
218928,0
218929,0
218930,0
218931,0
218932,0
218933,0
218934,0
218935,0
218936,0
218937,0
218938,0
218939,0
218940,0
218941,0
218942,0
218943,0
218944,0
218945,1
218946,1
218947,0
218948,0
218949,0
218950,0
218951,0
218952,0
218953,0
218954,0
218955,1
218956,1
218957,1
218958,0
218959,0
218960,0
218961,0
218962,0
218963,0
218964,0
218965,0
218966,0
218967,0
218968,0
218969,0
218970,0
218971,0
218972,0
218973,0
218974,0
218975,0
218976,0
218977,0
218978,0
218979,0
218980,0
218981,0
218982,0
218983,0
218984,0
218985,0
218986,2
218987,2
218988,0
218989,2
218990,2
218991,2
218992,0
218993,0
218994,0
218995,0
218996,0
218997,1
218998,0
218999,0
219000,0
219001,0
219002,0
219003,1
219004,0
219005,0
219006,0
219007,0
219008,0
219009,0
219010,0
219011,0
219012,0
219013,0
219014,0
219015,0
219016,0
219017,0
219018,0
219019,0
219020,0
219021,1
219022,1
219023,0
219024,0
219025,0
219026,0
219027,0
219028,0
219029,0
219030,1
219031,1
219032,0
219033,0
219034,0
219035,0
219036,0
219037,0
219038,0
219039,0
219040,0
219041,0
219042,0
219043,0
219044,0
219045,0
219046,0
219047,0
219048,0
219049,0
219050,0
219051,3
219052,3
219053,3
219054,3
219055,1
219056,1
219057,1
219058,1
219059,1
219060,1
219061,0
219062,3
219063,1
219064,0
219065,3
219066,0
219067,3
219068,3
219069,0
219070,0
219071,0
219072,1
219073,3
219074,3
219075,3
219076,0
219077,0
219078,0
219079,0
219080,0
219081,0
219082,0
219083,0
219084,0
219085,0
219086,0
219087,0
219088,0
219089,0
219090,0
219091,4
219092,0
219093,2
219094,2
219095,2
219096,0
219097,0
219098,0
219099,0
219100,2
219101,1
219102,1
219103,0
219104,0
219105,1
219106,0
219107,0
219108,0
219109,0
219110,0
219111,0
219112,0
219113,1
219114,0
219115,2
219116,0
219117,0
219118,0
219119,0
219120,0
219121,0
219122,0
219123,0
219124,0
219125,0
219126,0
219127,0
219128,0
219129,0
219130,0
219131,0
219132,0
219133,0
219134,0
219135,0
219136,0
219137,2
219138,0
219139,1
219140,1
219141,0
219142,0
219143,0
219144,0
219145,0
219146,0
219147,0
219148,0
219149,0
219150,0
219151,0
219152,0
219153,1
219154,0
219155,0
219156,0
219157,0
219158,1
219159,0
219160,0
219161,3
219162,3
219163,3
219164,0
219165,0
219166,3
219167,1
219168,0
219169,0
219170,0
219171,1
219172,0
219173,0
219174,1
219175,0
219176,1
219177,0
219178,0
219179,0
219180,0
219181,0
219182,0
219183,0
219184,0
219185,0
219186,0
219187,0
219188,0
219189,0
219190,0
219191,0
219192,0
219193,0
219194,0
219195,0
219196,0
219197,2
219198,1
219199,1
219200,1
219201,1
219202,0
219203,0
219204,0
219205,2
219206,0
219207,0
219208,1
219209,0
219210,0
219211,0
219212,0
219213,0
219214,0
219215,0
219216,0
219217,0
219218,0
219219,0
219220,0
219221,2
219222,0
219223,0
219224,0
219225,0
219226,0
219227,1
219228,0
219229,0
219230,0
219231,0
219232,0
219233,0
219234,0
219235,0
219236,0
219237,0
219238,0
219239,0
219240,0
219241,0
219242,0
219243,0
219244,0
219245,3
219246,3
219247,1
219248,0
219249,0
219250,0
219251,0
219252,0
219253,0
219254,0
219255,0
219256,0
219257,0
219258,0
219259,2
219260,2
219261,2
219262,2
219263,2
219264,0
219265,0
219266,0
219267,1
219268,1
219269,1
219270,0
219271,1
219272,0
219273,0
219274,0
219275,1
219276,1
219277,1
219278,0
219279,1
219280,0
219281,0
219282,0
219283,0
219284,0
219285,0
219286,0
219287,0
219288,0
219289,0
219290,0
219291,0
219292,0
219293,0
219294,0
219295,0
219296,0
219297,0
219298,0
219299,0
219300,0
219301,0
219302,0
219303,0
219304,0
219305,0
219306,0
219307,0
219308,0
219309,0
219310,0
219311,0
219312,0
219313,0
219314,0
219315,0
219316,0
219317,0
219318,0
219319,0
219320,0
219321,0
219322,0
219323,0
219324,0
219325,0
219326,0
219327,0
219328,0
219329,0
219330,0
219331,0
219332,0
219333,0
219334,0
219335,0
219336,0
219337,0
219338,0
219339,0
219340,0
219341,0
219342,0
219343,0
219344,0
219345,0
219346,0
219347,0
219348,0
219349,0
219350,0
219351,0
219352,0
219353,0
219354,0
219355,0
219356,0
219357,0
219358,1
219359,0
219360,0
219361,1
219362,0
219363,0
219364,0
219365,0
219366,0
219367,0
219368,0
219369,0
219370,2
219371,0
219372,0
219373,0
219374,0
219375,0
219376,0
219377,1
219378,2
219379,0
219380,0
219381,0
219382,0
219383,0
219384,0
219385,0
219386,0
219387,0
219388,0
219389,0
219390,2
219391,0
219392,0
219393,0
219394,0
219395,0
219396,0
219397,0
219398,0
219399,0
219400,0
219401,0
219402,0
219403,0
219404,0
219405,0
219406,0
219407,0
219408,0
219409,2
219410,2
219411,2
219412,0
219413,0
219414,0
219415,0
219416,0
219417,0
219418,0
219419,0
219420,0
219421,0
219422,2
219423,1
219424,2
219425,2
219426,0
219427,1
219428,2
219429,0
219430,0
219431,0
219432,0
219433,0
219434,2
219435,2
219436,2
219437,2
219438,2
219439,0
219440,0
219441,0
219442,0
219443,0
219444,0
219445,0
219446,0
219447,0
219448,0
219449,0
219450,0
219451,0
219452,0
219453,0
219454,0
219455,0
219456,2
219457,0
219458,4
219459,0
219460,0
219461,1
219462,0
219463,2
219464,1
219465,0
219466,0
219467,0
219468,0
219469,0
219470,0
219471,0
219472,0
219473,0
219474,1
219475,0
219476,0
219477,0
219478,0
219479,0
219480,0
219481,0
219482,0
219483,0
219484,0
219485,0
219486,0
219487,0
219488,0
219489,0
219490,0
219491,0
219492,0
219493,2
219494,0
219495,0
219496,0
219497,0
219498,0
219499,0
219500,0
219501,0
219502,0
219503,0
219504,0
219505,0
219506,0
219507,0
219508,1
219509,0
219510,0
219511,0
219512,0
219513,0
219514,0
219515,1
219516,1
219517,1
219518,1
219519,0
219520,0
219521,0
219522,0
219523,0
219524,1
219525,0
219526,0
219527,0
219528,0
219529,0
219530,0
219531,0
219532,0
219533,2
219534,2
219535,2
219536,2
219537,2
219538,0
219539,0
219540,0
219541,0
219542,0
219543,0
219544,0
219545,0
219546,0
219547,0
219548,0
219549,0
219550,0
219551,0
219552,0
219553,0
219554,2
219555,0
219556,0
219557,0
219558,0
219559,0
219560,0
219561,2
219562,2
219563,0
219564,0
219565,0
219566,0
219567,0
219568,0
219569,0
219570,0
219571,0
219572,0
219573,0
219574,0
219575,0
219576,0
219577,0
219578,0
219579,0
219580,0
219581,0
219582,0
219583,0
219584,0
219585,0
219586,0
219587,0
219588,0
219589,0
219590,0
219591,0
219592,0
219593,0
219594,0
219595,0
219596,0
219597,0
219598,0
219599,0
219600,0
219601,0
219602,0
219603,0
219604,0
219605,0
219606,0
219607,0
219608,0
219609,0
219610,0
219611,0
219612,0
219613,0
219614,0
219615,0
219616,0
219617,0
219618,2
219619,2
219620,2
219621,0
219622,0
219623,0
219624,0
219625,0
219626,0
219627,0
219628,0
219629,0
219630,0
219631,0
219632,0
219633,0
219634,0
219635,0
219636,0
219637,0
219638,0
219639,0
219640,0
219641,0
219642,0
219643,0
219644,0
219645,0
219646,0
219647,0
219648,0
219649,0
219650,0
219651,1
219652,0
219653,0
219654,1
219655,0
219656,0
219657,1
219658,0
219659,1
219660,0
219661,0
219662,0
219663,0
219664,0
219665,0
219666,0
219667,0
219668,0
219669,0
219670,0
219671,0
219672,0
219673,0
219674,0
219675,0
219676,0
219677,0
219678,1
219679,1
219680,1
219681,1
219682,1
219683,1
219684,1
219685,2
219686,0
219687,3
219688,1
219689,1
219690,1
219691,1
219692,0
219693,1
219694,0
219695,0
219696,0
219697,0
219698,0
219699,1
219700,1
219701,0
219702,0
219703,0
219704,0
219705,0
219706,1
219707,1
219708,0
219709,0
219710,0
219711,0
219712,0
219713,0
219714,0
219715,0
219716,0
219717,1
219718,0
219719,0
219720,0
219721,0
219722,0
219723,0
219724,0
219725,0
219726,2
219727,2
219728,2
219729,0
219730,0
219731,0
219732,0
219733,0
219734,0
219735,0
219736,0
219737,0
219738,0
219739,0
219740,0
219741,0
219742,0
219743,0
219744,2
219745,2
219746,0
219747,0
219748,0
219749,0
219750,0
219751,0
219752,0
219753,0
219754,0
219755,0
219756,0
219757,0
219758,0
219759,0
219760,0
219761,0
219762,0
219763,3
219764,0
219765,1
219766,1
219767,0
219768,0
219769,0
219770,3
219771,1
219772,1
219773,1
219774,0
219775,0
219776,0
219777,0
219778,0
219779,0
219780,0
219781,0
219782,0
219783,0
219784,0
219785,0
219786,0
219787,0
219788,0
219789,0
219790,0
219791,0
219792,0
219793,0
219794,0
219795,0
219796,0
219797,0
219798,0
219799,0
219800,0
219801,0
219802,1
219803,0
219804,0
219805,0
219806,0
219807,0
219808,0
219809,0
219810,0
219811,0
219812,0
219813,0
219814,0
219815,1
219816,1
219817,1
219818,1
219819,0
219820,0
219821,0
219822,0
219823,0
219824,0
219825,0
219826,0
219827,0
219828,2
219829,0
219830,0
219831,0
219832,0
219833,4
219834,2
219835,2
219836,0
219837,0
219838,0
219839,0
219840,0
219841,0
219842,1
219843,0
219844,1
219845,1
219846,0
219847,0
219848,0
219849,0
219850,0
219851,0
219852,2
219853,2
219854,0
219855,0
219856,0
219857,0
219858,0
219859,0
219860,0
219861,0
219862,0
219863,0
219864,0
219865,0
219866,0
219867,0
219868,0
219869,0
219870,0
219871,2
219872,4
219873,0
219874,4
219875,2
219876,0
219877,0
219878,0
219879,0
219880,0
219881,0
219882,0
219883,0
219884,0
219885,0
219886,0
219887,0
219888,0
219889,0
219890,0
219891,0
219892,1
219893,0
219894,1
219895,1
219896,0
219897,0
219898,0
219899,0
219900,0
219901,0
219902,1
219903,1
219904,1
219905,0
219906,0
219907,0
219908,0
219909,0
219910,0
219911,1
219912,0
219913,0
219914,0
219915,0
219916,0
219917,0
219918,0
219919,0
219920,0
219921,0
219922,0
219923,0
219924,0
219925,0
219926,0
219927,0
219928,0
219929,0
219930,0
219931,0
219932,0
219933,0
219934,0
219935,0
219936,0
219937,0
219938,0
219939,0
219940,0
219941,0
219942,0
219943,0
219944,0
219945,0
219946,0
219947,0
219948,0
219949,0
219950,0
219951,0
219952,0
219953,0
219954,0
219955,0
219956,2
219957,0
219958,1
219959,1
219960,1
219961,1
219962,0
219963,0
219964,0
219965,2
219966,2
219967,0
219968,0
219969,0
219970,1
219971,1
219972,0
219973,0
219974,0
219975,1
219976,1
219977,1
219978,1
219979,0
219980,1
219981,0
219982,0
219983,2
219984,2
219985,0
219986,0
219987,0
219988,0
219989,0
219990,0
219991,0
219992,0
219993,0
219994,2
219995,2
219996,2
219997,2
219998,1
219999,1
220000,0
220001,0
220002,0
220003,0
220004,0
220005,0
220006,0
220007,0
220008,0
220009,0
220010,0
220011,0
220012,1
220013,0
220014,0
220015,0
220016,0
220017,0
220018,0
220019,1
220020,0
220021,0
220022,0
220023,0
220024,0
220025,1
220026,1
220027,1
220028,1
220029,1
220030,1
220031,0
220032,0
220033,0
220034,0
220035,0
220036,0
220037,0
220038,0
220039,0
220040,1
220041,0
220042,0
220043,0
220044,0
220045,0
220046,1
220047,1
220048,0
220049,1
220050,1
220051,1
220052,1
220053,1
220054,1
220055,0
220056,1
220057,0
220058,1
220059,0
220060,0
220061,0
220062,0
220063,0
220064,0
220065,0
220066,0
220067,0
220068,0
220069,0
220070,0
220071,0
220072,1
220073,1
220074,0
220075,0
220076,0
220077,0
220078,0
220079,0
220080,0
220081,0
220082,0
220083,0
220084,2
220085,0
220086,0
220087,0
220088,0
220089,0
220090,0
220091,0
220092,0
220093,0
220094,0
220095,0
220096,0
220097,0
220098,0
220099,0
220100,0
220101,0
220102,0
220103,0
220104,0
220105,0
220106,0
220107,0
220108,0
220109,0
220110,0
220111,0
220112,0
220113,0
220114,0
220115,0
220116,0
220117,0
220118,2
220119,0
220120,0
220121,0
220122,1
220123,0
220124,0
220125,0
220126,0
220127,0
220128,1
220129,0
220130,0
220131,0
220132,0
220133,0
220134,0
220135,2
220136,1
220137,1
220138,0
220139,0
220140,0
220141,0
220142,0
220143,0
220144,0
220145,0
220146,0
220147,2
220148,2
220149,2
220150,0
220151,0
220152,2
220153,2
220154,0
220155,0
220156,0
220157,0
220158,1
220159,1
220160,0
220161,0
220162,0
220163,4
220164,2
220165,2
220166,2
220167,0
220168,0
220169,1
220170,1
220171,1
220172,1
220173,1
220174,1
220175,0
220176,0
220177,0
220178,0
220179,0
220180,0
220181,0
220182,0
220183,0
220184,0
220185,1
220186,0
220187,0
220188,1
220189,1
220190,1
220191,0
220192,0
220193,0
220194,0
220195,0
220196,0
220197,1
220198,0
220199,1
220200,1
220201,0
220202,0
220203,0
220204,0
220205,0
220206,1
220207,1
220208,0
220209,1
220210,1
220211,1
220212,0
220213,0
220214,1
220215,1
220216,0
220217,0
220218,0
220219,0
220220,0
220221,0
220222,1
220223,1
220224,1
220225,0
220226,0
220227,1
220228,1
220229,1
220230,1
220231,0
220232,1
220233,0
220234,0
220235,0
220236,0
220237,0
220238,0
220239,4
220240,0
220241,0
220242,2
220243,2
220244,2
220245,1
220246,1
220247,0
220248,0
220249,1
220250,0
220251,1
220252,1
220253,0
220254,1
220255,1
220256,0
220257,0
220258,2
220259,0
220260,0
220261,0
220262,0
220263,0
220264,0
220265,0
220266,0
220267,0
220268,0
220269,0
220270,0
220271,2
220272,2
220273,4
220274,4
220275,2
220276,2
220277,0
220278,0
220279,0
220280,0
220281,2
220282,0
220283,0
220284,0
220285,0
220286,0
220287,1
220288,1
220289,1
220290,0
220291,0
220292,0
220293,0
220294,0
220295,0
220296,0
220297,0
220298,0
220299,2
220300,2
220301,2
220302,2
220303,2
220304,2
220305,2
220306,1
220307,0
220308,0
220309,0
220310,0
220311,0
220312,0
220313,0
220314,0
220315,0
220316,0
220317,0
220318,0
220319,0
220320,0
220321,0
220322,0
220323,0
220324,0
220325,0
220326,0
220327,0
220328,0
220329,0
220330,0
220331,0
220332,0
220333,0
220334,1
220335,0
220336,0
220337,0
220338,0
220339,0
220340,0
220341,0
220342,0
220343,0
220344,0
220345,0
220346,0
220347,2
220348,1
220349,0
220350,0
220351,2
220352,2
220353,0
220354,0
220355,0
220356,0
220357,0
220358,0
220359,0
220360,0
220361,0
220362,0
220363,0
220364,0
220365,0
220366,0
220367,0
220368,0
220369,0
220370,2
220371,0
220372,0
220373,2
220374,2
220375,0
220376,0
220377,0
220378,2
220379,0
220380,0
220381,0
220382,0
220383,0
220384,0
220385,0
220386,0
220387,0
220388,0
220389,0
220390,0
220391,1
220392,0
220393,0
220394,0
220395,0
220396,2
220397,0
220398,0
220399,1
220400,1
220401,1
220402,1
220403,1
220404,0
220405,2
220406,2
220407,0
220408,0
220409,0
220410,0
220411,0
220412,0
220413,0
220414,0
220415,1
220416,1
220417,1
220418,1
220419,1
220420,1
220421,0
220422,1
220423,0
220424,1
220425,0
220426,0
220427,0
220428,0
220429,0
220430,0
220431,0
220432,0
220433,0
220434,0
220435,0
220436,0
220437,0
220438,0
220439,0
220440,0
220441,0
220442,0
220443,0
220444,0
220445,2
220446,2
220447,2
220448,0
220449,0
220450,0
220451,0
220452,0
220453,2
220454,2
220455,2
220456,2
220457,2
220458,2
220459,2
220460,1
220461,0
220462,2
220463,2
220464,2
220465,2
220466,2
220467,2
220468,2
220469,2
220470,0
220471,2
220472,2
220473,2
220474,2
220475,0
220476,2
220477,0
220478,0
220479,0
220480,0
220481,0
220482,0
220483,0
220484,0
220485,0
220486,0
220487,0
220488,0
220489,0
220490,0
220491,0
220492,0
220493,0
220494,0
220495,0
220496,0
220497,0
220498,0
220499,0
220500,0
220501,0
220502,0
220503,0
220504,0
220505,0
220506,0
220507,0
220508,0
220509,0
220510,0
220511,0
220512,1
220513,2
220514,0
220515,1
220516,0
220517,0
220518,0
220519,1
220520,0
220521,0
220522,0
220523,0
220524,2
220525,0
220526,0
220527,0
220528,0
220529,0
220530,0
220531,0
220532,2
220533,0
220534,0
220535,0
220536,0
220537,1
220538,0
220539,0
220540,0
220541,0
220542,0
220543,0
220544,0
220545,0
220546,0
220547,0
220548,0
220549,0
220550,0
220551,0
220552,0
220553,0
220554,0
220555,0
220556,0
220557,0
220558,0
220559,1
220560,1
220561,1
220562,1
220563,1
220564,1
220565,0
220566,0
220567,0
220568,0
220569,0
220570,0
220571,0
220572,0
220573,0
220574,0
220575,0
220576,0
220577,0
220578,0
220579,0
220580,0
220581,0
220582,2
220583,0
220584,0
220585,0
220586,2
220587,2
220588,0
220589,0
220590,0
220591,0
220592,2
220593,0
220594,0
220595,0
220596,0
220597,0
220598,2
220599,2
220600,2
220601,1
220602,0
220603,2
220604,2
220605,2
220606,2
220607,2
220608,0
220609,2
220610,2
220611,2
220612,2
220613,0
220614,0
220615,0
220616,0
220617,0
220618,0
220619,0
220620,0
220621,0
220622,0
220623,0
220624,0
220625,0
220626,0
220627,0
220628,2
220629,0
220630,0
220631,2
220632,0
220633,0
220634,0
220635,0
220636,0
220637,0
220638,0
220639,0
220640,0
220641,0
220642,0
220643,0
220644,0
220645,0
220646,0
220647,0
220648,0
220649,0
220650,0
220651,0
220652,0
220653,1
220654,1
220655,1
220656,1
220657,1
220658,0
220659,0
220660,0
220661,1
220662,1
220663,1
220664,1
220665,1
220666,1
220667,1
220668,0
220669,0
220670,0
220671,0
220672,0
220673,0
220674,0
220675,4
220676,4
220677,3
220678,3
220679,1
220680,1
220681,1
220682,3
220683,1
220684,0
220685,1
220686,2
220687,4
220688,4
220689,2
220690,0
220691,0
220692,0
220693,0
220694,0
220695,0
220696,0
220697,0
220698,4
220699,4
220700,0
220701,1
220702,1
220703,1
220704,1
220705,1
220706,1
220707,1
220708,1
220709,1
220710,1
220711,1
220712,0
220713,0
220714,0
220715,0
220716,0
220717,1
220718,0
220719,0
220720,0
220721,0
220722,0
220723,0
220724,2
220725,2
220726,2
220727,2
220728,0
220729,0
220730,0
220731,0
220732,0
220733,0
220734,0
220735,0
220736,0
220737,0
220738,0
220739,0
220740,0
220741,0
220742,0
220743,0
220744,0
220745,0
220746,2
220747,2
220748,2
220749,0
220750,0
220751,0
220752,0
220753,0
220754,0
220755,0
220756,0
220757,0
220758,0
220759,0
220760,0
220761,0
220762,0
220763,0
220764,0
220765,0
220766,1
220767,1
220768,0
220769,0
220770,2
220771,2
220772,0
220773,0
220774,0
220775,1
220776,1
220777,1
220778,2
220779,2
220780,0
220781,2
220782,2
220783,0
220784,0
220785,0
220786,0
220787,0
220788,0
220789,1
220790,2
220791,2
220792,1
220793,1
220794,0
220795,0
220796,1
220797,0
220798,2
220799,0
220800,0
220801,0
220802,0
220803,0
220804,0
220805,0
220806,0
220807,2
220808,0
220809,0
220810,0
220811,0
220812,0
220813,0
220814,0
220815,0
220816,0
220817,0
220818,0
220819,0
220820,0
220821,1
220822,3
220823,1
220824,1
220825,3
220826,1
220827,1
220828,0
220829,0
220830,0
220831,1
220832,1
220833,1
220834,1
220835,1
220836,1
220837,1
220838,0
220839,1
220840,0
220841,0
220842,0
220843,1
220844,0
220845,0
220846,0
220847,0
220848,0
220849,0
220850,1
220851,0
220852,0
220853,0
220854,0
220855,0
220856,0
220857,0
220858,0
220859,0
220860,0
220861,0
220862,0
220863,0
220864,0
220865,0
220866,0
220867,0
220868,0
220869,0
220870,1
220871,0
220872,2
220873,0
220874,0
220875,0
220876,2
220877,1
220878,0
220879,1
220880,2
220881,0
220882,0
220883,0
220884,0
220885,0
220886,0
220887,0
220888,0
220889,0
220890,0
220891,0
220892,0
220893,0
220894,0
220895,0
220896,0
220897,0
220898,0
220899,0
220900,0
220901,1
220902,1
220903,0
220904,0
220905,0
220906,0
220907,0
220908,0
220909,0
220910,1
220911,1
220912,1
220913,0
220914,1
220915,1
220916,1
220917,1
220918,1
220919,1
220920,1
220921,1
220922,0
220923,0
220924,0
220925,0
220926,0
220927,1
220928,0
220929,0
220930,0
220931,0
220932,0
220933,2
220934,2
220935,2
220936,0
220937,0
220938,2
220939,2
220940,1
220941,0
220942,0
220943,0
220944,0
220945,0
220946,0
220947,0
220948,0
220949,0
220950,1
220951,1
220952,0
220953,1
220954,1
220955,0
220956,0
220957,0
220958,0
220959,0
220960,0
220961,0
220962,0
220963,0
220964,0
220965,0
220966,0
220967,0
220968,0
220969,0
220970,1
220971,1
220972,1
220973,0
220974,1
220975,1
220976,1
220977,1
220978,1
220979,0
220980,0
220981,0
220982,0
220983,0
220984,0
220985,0
220986,0
220987,0
220988,1
220989,1
220990,0
220991,1
220992,1
220993,1
220994,1
220995,1
220996,0
220997,2
220998,2
220999,0
221000,0
221001,0
221002,0
221003,0
221004,0
221005,0
221006,0
221007,0
221008,0
221009,0
221010,0
221011,0
221012,0
221013,0
221014,0
221015,0
221016,0
221017,0
221018,0
221019,0
221020,0
221021,0
221022,0
221023,1
221024,0
221025,1
221026,1
221027,0
221028,0
221029,0
221030,0
221031,1
221032,2
221033,2
221034,2
221035,4
221036,0
221037,0
221038,0
221039,0
221040,0
221041,0
221042,0
221043,0
221044,0
221045,0
221046,0
221047,1
221048,1
221049,1
221050,1
221051,0
221052,0
221053,0
221054,0
221055,1
221056,1
221057,0
221058,0
221059,1
221060,0
221061,0
221062,0
221063,1
221064,1
221065,0
221066,0
221067,0
221068,1
221069,0
221070,1
221071,1
221072,0
221073,1
221074,1
221075,1
221076,1
221077,1
221078,1
221079,1
221080,0
221081,1
221082,1
221083,0
221084,0
221085,0
221086,1
221087,1
221088,1
221089,1
221090,0
221091,0
221092,0
221093,0
221094,0
221095,0
221096,0
221097,0
221098,0
221099,0
221100,0
221101,0
221102,0
221103,0
221104,0
221105,0
221106,0
221107,2
221108,0
221109,2
221110,2
221111,0
221112,0
221113,2
221114,0
221115,2
221116,1
221117,0
221118,0
221119,0
221120,0
221121,0
221122,0
221123,0
221124,0
221125,0
221126,2
221127,0
221128,0
221129,0
221130,0
221131,2
221132,2
221133,0
221134,0
221135,0
221136,0
221137,0
221138,2
221139,2
221140,2
221141,0
221142,0
221143,0
221144,2
221145,2
221146,2
221147,0
221148,0
221149,0
221150,0
221151,0
221152,0
221153,0
221154,0
221155,0
221156,0
221157,2
221158,0
221159,0
221160,2
221161,2
221162,2
221163,2
221164,2
221165,1
221166,1
221167,2
221168,2
221169,0
221170,0
221171,2
221172,2
221173,2
221174,0
221175,0
221176,1
221177,1
221178,1
221179,1
221180,1
221181,0
221182,0
221183,0
221184,0
221185,0
221186,0
221187,1
221188,1
221189,1
221190,0
221191,0
221192,0
221193,0
221194,0
221195,0
221196,0
221197,0
221198,0
221199,0
221200,0
221201,2
221202,0
221203,0
221204,0
221205,0
221206,0
221207,0
221208,0
221209,0
221210,0
221211,0
221212,2
221213,0
221214,0
221215,0
221216,0
221217,0
221218,2
221219,0
221220,0
221221,0
221222,2
221223,2
221224,2
221225,0
221226,0
221227,0
221228,0
221229,0
221230,0
221231,0
221232,1
221233,2
221234,0
221235,0
221236,0
221237,0
221238,0
221239,1
221240,1
221241,0
221242,0
221243,1
221244,1
221245,0
221246,1
221247,0
221248,0
221249,0
221250,0
221251,0
221252,0
221253,1
221254,0
221255,2
221256,0
221257,0
221258,0
221259,0
221260,0
221261,0
221262,0
221263,0
221264,0
221265,0
221266,0
221267,0
221268,0
221269,0
221270,2
221271,0
221272,0
221273,0
221274,1
221275,0
221276,1
221277,0
221278,0
221279,0
221280,0
221281,4
221282,4
221283,0
221284,0
221285,2
221286,2
221287,0
221288,0
221289,2
221290,1
221291,1
221292,1
221293,1
221294,1
221295,0
221296,0
221297,0
221298,0
221299,0
221300,0
221301,0
221302,0
221303,0
221304,0
221305,0
221306,0
221307,0
221308,0
221309,0
221310,0
221311,0
221312,0
221313,0
221314,0
221315,0
221316,0
221317,2
221318,0
221319,0
221320,2
221321,2
221322,0
221323,2
221324,0
221325,0
221326,2
221327,0
221328,0
221329,0
221330,0
221331,0
221332,0
221333,0
221334,0
221335,0
221336,0
221337,0
221338,0
221339,1
221340,1
221341,1
221342,1
221343,3
221344,3
221345,2
221346,0
221347,2
221348,1
221349,0
221350,0
221351,0
221352,0
221353,0
221354,0
221355,0
221356,0
221357,0
221358,0
221359,0
221360,0
221361,0
221362,0
221363,0
221364,0
221365,0
221366,0
221367,0
221368,0
221369,0
221370,0
221371,0
221372,0
221373,0
221374,2
221375,2
221376,0
221377,0
221378,0
221379,0
221380,0
221381,0
221382,0
221383,0
221384,2
221385,2
221386,2
221387,2
221388,2
221389,0
221390,0
221391,0
221392,0
221393,0
221394,0
221395,0
221396,0
221397,0
221398,0
221399,0
221400,0
221401,0
221402,0
221403,0
221404,0
221405,0
221406,0
221407,0
221408,0
221409,0
221410,0
221411,0
221412,0
221413,0
221414,0
221415,0
221416,0
221417,0
221418,0
221419,1
221420,0
221421,0
221422,0
221423,0
221424,0
221425,0
221426,0
221427,1
221428,1
221429,0
221430,0
221431,0
221432,0
221433,0
221434,0
221435,0
221436,1
221437,0
221438,0
221439,0
221440,0
221441,0
221442,0
221443,0
221444,0
221445,0
221446,0
221447,0
221448,0
221449,0
221450,0
221451,0
221452,2
221453,2
221454,2
221455,0
221456,0
221457,0
221458,0
221459,0
221460,0
221461,0
221462,0
221463,0
221464,0
221465,0
221466,0
221467,2
221468,0
221469,0
221470,0
221471,2
221472,2
221473,2
221474,2
221475,2
221476,0
221477,0
221478,2
221479,0
221480,0
221481,0
221482,0
221483,0
221484,0
221485,0
221486,0
221487,0
221488,2
221489,2
221490,0
221491,0
221492,0
221493,0
221494,0
221495,0
221496,0
221497,0
221498,0
221499,0
221500,0
221501,0
221502,0
221503,0
221504,0
221505,0
221506,0
221507,0
221508,0
221509,0
221510,0
221511,0
221512,0
221513,0
221514,0
221515,0
221516,0
221517,0
221518,0
221519,0
221520,0
221521,0
221522,0
221523,0
221524,0
221525,0
221526,1
221527,1
221528,3
221529,3
221530,3
221531,1
221532,0
221533,1
221534,1
221535,0
221536,0
221537,2
221538,2
221539,1
221540,0
221541,1
221542,1
221543,0
221544,0
221545,2
221546,0
221547,0
221548,0
221549,0
221550,0
221551,0
221552,1
221553,0
221554,0
221555,0
221556,0
221557,0
221558,0
221559,0
221560,0
221561,0
221562,0
221563,0
221564,0
221565,0
221566,0
221567,0
221568,0
221569,0
221570,0
221571,0
221572,0
221573,0
221574,0
221575,0
221576,0
221577,2
221578,2
221579,0
221580,0
221581,0
221582,0
221583,0
221584,0
221585,0
221586,0
221587,1
221588,1
221589,1
221590,0
221591,0
221592,0
221593,0
221594,1
221595,1
221596,1
221597,0
221598,0
221599,1
221600,1
221601,0
221602,0
221603,0
221604,0
221605,0
221606,0
221607,0
221608,0
221609,0
221610,0
221611,0
221612,0
221613,0
221614,0
221615,0
221616,0
221617,0
221618,0
221619,0
221620,2
221621,1
221622,1
221623,0
221624,1
221625,0
221626,0
221627,0
221628,0
221629,0
221630,0
221631,1
221632,0
221633,0
221634,1
221635,0
221636,1
221637,1
221638,1
221639,1
221640,1
221641,1
221642,1
221643,1
221644,0
221645,0
221646,0
221647,0
221648,0
221649,1
221650,1
221651,1
221652,0
221653,0
221654,0
221655,0
221656,2
221657,0
221658,0
221659,0
221660,0
221661,0
221662,0
221663,2
221664,0
221665,0
221666,0
221667,0
221668,0
221669,0
221670,0
221671,0
221672,0
221673,0
221674,0
221675,2
221676,2
221677,2
221678,2
221679,2
221680,0
221681,0
221682,0
221683,0
221684,0
221685,0
221686,0
221687,0
221688,0
221689,1
221690,0
221691,0
221692,1
221693,0
221694,0
221695,1
221696,1
221697,0
221698,1
221699,0
221700,0
221701,4
221702,2
221703,0
221704,0
221705,0
221706,0
221707,0
221708,0
221709,0
221710,2
221711,2
221712,2
221713,0
221714,0
221715,0
221716,0
221717,0
221718,0
221719,0
221720,0
221721,0
221722,0
221723,0
221724,0
221725,0
221726,0
221727,0
221728,0
221729,0
221730,0
221731,0
221732,0
221733,0
221734,0
221735,0
221736,0
221737,0
221738,0
221739,0
221740,0
221741,0
221742,0
221743,0
221744,0
221745,2
221746,2
221747,0
221748,0
221749,2
221750,2
221751,2
221752,0
221753,0
221754,2
221755,0
221756,0
221757,0
221758,0
221759,0
221760,0
221761,0
221762,0
221763,0
221764,0
221765,0
221766,0
221767,0
221768,0
221769,0
221770,0
221771,0
221772,0
221773,0
221774,0
221775,0
221776,0
221777,0
221778,0
221779,0
221780,0
221781,0
221782,0
221783,0
221784,0
221785,0
221786,2
221787,2
221788,0
221789,0
221790,2
221791,0
221792,0
221793,0
221794,0
221795,0
221796,0
221797,0
221798,0
221799,0
221800,0
221801,1
221802,1
221803,1
221804,1
221805,0
221806,0
221807,0
221808,1
221809,0
221810,0
221811,0
221812,0
221813,0
221814,2
221815,2
221816,0
221817,0
221818,0
221819,0
221820,0
221821,0
221822,0
221823,0
221824,0
221825,0
221826,1
221827,1
221828,1
221829,1
221830,0
221831,1
221832,0
221833,0
221834,0
221835,0
221836,0
221837,0
221838,0
221839,0
221840,0
221841,0
221842,0
221843,0
221844,0
221845,0
221846,0
221847,0
221848,2
221849,0
221850,0
221851,0
221852,0
221853,0
221854,0
221855,0
221856,0
221857,0
221858,0
221859,0
221860,0
221861,0
221862,0
221863,0
221864,0
221865,0
221866,0
221867,0
221868,0
221869,0
221870,0
221871,0
221872,0
221873,2
221874,2
221875,2
221876,2
221877,2
221878,2
221879,2
221880,2
221881,2
221882,0
221883,0
221884,0
221885,0
221886,0
221887,0
221888,0
221889,0
221890,0
221891,0
221892,1
221893,0
221894,1
221895,1
221896,0
221897,0
221898,0
221899,0
221900,0
221901,0
221902,1
221903,0
221904,1
221905,0
221906,0
221907,0
221908,0
221909,0
221910,0
221911,0
221912,0
221913,0
221914,0
221915,0
221916,0
221917,0
221918,0
221919,2
221920,0
221921,0
221922,0
221923,2
221924,2
221925,0
221926,2
221927,2
221928,0
221929,2
221930,0
221931,0
221932,0
221933,0
221934,2
221935,0
221936,0
221937,1
221938,0
221939,0
221940,1
221941,0
221942,0
221943,0
221944,0
221945,0
221946,1
221947,1
221948,1
221949,1
221950,0
221951,1
221952,1
221953,0
221954,1
221955,0
221956,0
221957,1
221958,1
221959,0
221960,0
221961,1
221962,3
221963,0
221964,0
221965,0
221966,0
221967,0
221968,0
221969,0
221970,0
221971,0
221972,0
221973,2
221974,0
221975,0
221976,0
221977,0
221978,0
221979,0
221980,0
221981,0
221982,0
221983,0
221984,0
221985,2
221986,0
221987,0
221988,0
221989,0
221990,0
221991,0
221992,0
221993,0
221994,0
221995,0
221996,0
221997,0
221998,0
221999,0
222000,0
222001,0
222002,0
222003,0
222004,0
222005,0
222006,0
222007,0
222008,0
222009,0
222010,0
222011,0
222012,0
222013,0
222014,0
222015,0
222016,0
222017,4
222018,4
222019,0
222020,0
222021,0
222022,0
222023,0
222024,0
222025,0
222026,0
222027,2
222028,2
222029,2
222030,2
222031,2
222032,2
222033,0
222034,0
222035,0
222036,0
222037,0
222038,0
222039,0
222040,0
222041,0
222042,0
222043,0
222044,0
222045,0
222046,0
222047,0
222048,0
222049,1
222050,1
222051,0
222052,0
222053,0
222054,0
222055,0
222056,0
222057,0
222058,0
222059,0
222060,0
222061,0
222062,0
222063,0
222064,0
222065,1
222066,1
222067,0
222068,0
222069,0
222070,0
222071,0
222072,0
222073,0
222074,0
222075,1
222076,1
222077,0
222078,0
222079,1
222080,0
222081,0
222082,0
222083,1
222084,1
222085,1
222086,1
222087,0
222088,0
222089,0
222090,0
222091,0
222092,0
222093,0
222094,0
222095,2
222096,2
222097,2
222098,1
222099,0
222100,0
222101,0
222102,1
222103,1
222104,1
222105,0
222106,1
222107,0
222108,0
222109,0
222110,0
222111,2
222112,2
222113,2
222114,2
222115,2
222116,2
222117,2
222118,2
222119,0
222120,0
222121,0
222122,0
222123,0
222124,0
222125,2
222126,2
222127,2
222128,0
222129,0
222130,0
222131,0
222132,0
222133,1
222134,0
222135,0
222136,0
222137,0
222138,0
222139,0
222140,0
222141,0
222142,0
222143,0
222144,0
222145,0
222146,0
222147,0
222148,0
222149,0
222150,2
222151,2
222152,0
222153,2
222154,0
222155,0
222156,0
222157,0
222158,0
222159,0
222160,0
222161,0
222162,0
222163,0
222164,0
222165,0
222166,0
222167,0
222168,0
222169,0
222170,2
222171,0
222172,0
222173,0
222174,1
222175,1
222176,1
222177,1
222178,1
222179,0
222180,1
222181,1
222182,0
222183,0
222184,1
222185,1
222186,0
222187,0
222188,0
222189,0
222190,0
222191,0
222192,0
222193,1
222194,0
222195,0
222196,0
222197,0
222198,0
222199,0
222200,0
222201,0
222202,0
222203,0
222204,0
222205,0
222206,0
222207,3
222208,3
222209,1
222210,3
222211,3
222212,1
222213,1
222214,1
222215,0
222216,0
222217,0
222218,0
222219,0
222220,0
222221,2
222222,2
222223,0
222224,0
222225,0
222226,0
222227,1
222228,0
222229,0
222230,1
222231,0
222232,1
222233,1
222234,0
222235,0
222236,0
222237,0
222238,0
222239,0
222240,0
222241,0
222242,0
222243,0
222244,0
222245,0
222246,0
222247,0
222248,0
222249,0
222250,0
222251,0
222252,0
222253,0
222254,0
222255,0
222256,1
222257,0
222258,0
222259,0
222260,0
222261,0
222262,0
222263,0
222264,0
222265,1
222266,1
222267,0
222268,0
222269,0
222270,0
222271,0
222272,0
222273,0
222274,0
222275,0
222276,0
222277,0
222278,0
222279,0
222280,0
222281,2
222282,2
222283,2
222284,2
222285,2
222286,0
222287,2
222288,4
222289,4
222290,4
222291,0
222292,2
222293,2
222294,0
222295,1
222296,0
222297,0
222298,0
222299,0
222300,0
222301,0
222302,0
222303,0
222304,0
222305,0
222306,0
222307,0
222308,0
222309,0
222310,0
222311,0
222312,0
222313,0
222314,0
222315,0
222316,0
222317,0
222318,0
222319,0
222320,0
222321,0
222322,0
222323,0
222324,0
222325,0
222326,0
222327,0
222328,0
222329,0
222330,2
222331,0
222332,0
222333,0
222334,0
222335,0
222336,0
222337,0
222338,0
222339,0
222340,0
222341,0
222342,2
222343,2
222344,0
222345,0
222346,0
222347,0
222348,4
222349,2
222350,2
222351,0
222352,2
